0 0 0 0.0
95 0 0 0.0
190 0 0 0.0
0 0 0 0.0
118 0 0 0.0
236 0 0 0.0
354 0 0 0.0
472 0 0 0.0
590 0.0310505 0.0017544 0.0
708 0.0364966 0.00308669 0.0
826 0.0400286 0.00177616 0.0
944 0.0372176 -0.000278478 0.0
1062 0.0475194 -0.000160225 0.0
1180 0.0480363 0.00241146 0.0
1298 0.041244 0.000222882 0.0
1416 0.0416369 -0.00151043 0.0
1534 0.0441736 -0.000259613 0.0
1652 0.0357573 0.00102567 0.0
1770 0.0310535 0.000930924 0.0
1888 0.0314553 7.6122e-05 0.0
2006 0.0331401 -0.000784701 0.0
2124 0.0302585 0.000144097 0.0
2242 0.03166 0.000870774 0.0
2360 0.0330661 0.000140086 0.0
2478 0.0332302 -0.000562441 0.0
2596 0.032925 0.000297397 0.0
2714 0.0329851 0.00117231 0.0
2832 0.0379952 -0.00011983 0.0
2950 0.0406768 -0.00026563 0.0
3068 0.0418511 0.00157954 0.0
3186 0.0411704 8.40926e-05 0.0
3304 0.0459094 -0.000589265 0.0
3422 0.0453695 0.00110207 0.0
3540 0.0435397 0.00127827 0.0
3658 0.0438703 -0.000167779 0.0
3776 0.0455986 0.00029894 0.0
3894 0.0429967 0.00119093 0.0
4012 0.0410222 0.00162875 0.0
4130 0.0417939 0.0012021 0.0
4248 0.0431517 0.00147105 0.0
4366 0.0428036 0.00227943 0.0
4484 0.043881 0.00316757 0.0
4602 0.0466704 0.0038024 0.0
4720 0.049418 0.00458974 0.0
4838 0.0515111 0.00650809 0.0
4956 0.0539998 0.00767398 0.0
5074 0.0578141 0.00763691 0.0
5192 0.0601468 0.00886272 0.0
5310 0.0614105 0.0102478 0.0
5428 0.0624279 0.00901718 0.0
5546 0.0648061 0.00788404 0.0
5664 0.0651058 0.00818783 0.0
5782 0.0649327 0.00773631 0.0
5900 0.0654431 0.00594495 0.0
6018 0.0666351 0.00545758 0.0
6136 0.0659548 0.00570537 0.0
6254 0.0654944 0.00586932 0.0
6372 0.0660411 0.00565087 0.0
6490 0.0667244 0.00612721 0.0
6608 0.0662717 0.00731409 0.0
6726 0.0662115 0.00758674 0.0
6844 0.0670195 0.0063053 0.0
6962 0.0674679 0.00544588 0.0
7080 0.0670191 0.00542097 0.0
7198 0.0666284 0.00381524 0.0
7316 0.0668741 0.00175322 0.0
7434 0.0664137 0.00150547 0.0
7552 0.0653855 0.00142851 0.0
7670 0.0647262 -0.000404922 0.0
7788 0.0649661 -0.00140247 0.0
7906 0.0644617 -0.0011069 0.0
8024 0.0638095 -0.00146262 0.0
8142 0.0637741 -0.00256145 0.0
8260 0.0642848 -0.00259982 0.0
8378 0.0639196 -0.00214552 0.0
8496 0.0636405 -0.00186713 0.0
8614 0.0639832 -0.00211667 0.0
8732 0.0644526 -0.00194878 0.0
8850 0.0642107 -0.000946373 0.0
8968 0.0641283 -0.000662878 0.0
9086 0.064658 -0.00152313 0.0
9204 0.0649935 -0.00156442 0.0
9322 0.0648192 -0.000736574 0.0
9440 0.0647752 -0.00160976 0.0
9558 0.0652889 -0.00274019 0.0
9676 0.065388 -0.00214162 0.0
9794 0.0651333 -0.00174943 0.0
9912 0.0651573 -0.00292934 0.0
10030 0.0657038 -0.00309492 0.0
10148 0.0657333 -0.00234285 0.0
10266 0.0656352 -0.00245787 0.0
10384 0.0658921 -0.00313714 0.0
10502 0.0664647 -0.00296427 0.0
10620 0.0664792 -0.00257458 0.0
10738 0.0664435 -0.0025702 0.0
10856 0.0668378 -0.00296161 0.0
10974 0.0672728 -0.00301457 0.0
11092 0.0672189 -0.00239169 0.0
11210 0.0672088 -0.00239256 0.0
11328 0.067671 -0.00317628 0.0
11446 0.0679364 -0.00310077 0.0
11564 0.0678451 -0.00233093 0.0
11682 0.0678687 -0.00306982 0.0
11800 0.0683306 -0.00388668 0.0
11918 0.0684291 -0.00325181 0.0
12036 0.0682926 -0.00297475 0.0
12154 0.0683808 -0.00403579 0.0
12272 0.0688083 -0.0041366 0.0
12390 0.0688095 -0.00349319 0.0
12508 0.0687031 -0.00371578 0.0
12626 0.0689034 -0.00435969 0.0
12744 0.0692932 -0.00421525 0.0
12862 0.0692592 -0.00388988 0.0
12980 0.0691796 -0.0040569 0.0
13098 0.0694961 -0.00449559 0.0
13216 0.0697932 -0.00453186 0.0
13334 0.0697149 -0.00405016 0.0
13452 0.0696742 -0.00424637 0.0
13570 0.0700697 -0.00491288 0.0
13688 0.0702453 -0.00472656 0.0
13806 0.0701333 -0.00412969 0.0
13924 0.0701741 -0.00482192 0.0
14042 0.0705735 -0.00537958 0.0
14160 0.070632 -0.00476389 0.0
14278 0.070514 -0.00460925 0.0
14396 0.0706335 -0.00550164 0.0
14514 0.0709816 -0.00552629 0.0
14632 0.0709671 -0.0049759 0.0
14750 0.070866 -0.00523171 0.0
14868 0.0710643 -0.00579514 0.0
14986 0.0713481 -0.0056619 0.0
15104 0.0712982 -0.00534952 0.0
15222 0.0712192 -0.00558076 0.0
15340 0.0714939 -0.0060079 0.0
15458 0.0716995 -0.0059704 0.0
15576 0.0716111 -0.0055556 0.0
15694 0.071582 -0.00586358 0.0
15812 0.071905 -0.0064104 0.0
15930 0.0720123 -0.00613208 0.0
16048 0.071901 -0.00570884 0.0
16166 0.0719509 -0.00637105 0.0
16284 0.072261 -0.00672315 0.0
16402 0.0722796 -0.00615714 0.0
16520 0.0721763 -0.00612726 0.0
16638 0.0722965 -0.006855 0.0
16756 0.0725539 -0.00680637 0.0
16874 0.0725208 -0.00635354 0.0
16992 0.0724321 -0.00661803 0.0
17110 0.0726081 -0.00707504 0.0
17228 0.0728071 -0.00694405 0.0
17346 0.0727412 -0.00666081 0.0
17464 0.0726747 -0.00690355 0.0
17582 0.072903 -0.00728476 0.0
17700 0.0730306 -0.00718783 0.0
17818 0.0729309 -0.00682747 0.0
17936 0.0729118 -0.00717666 0.0
18054 0.0731705 -0.00760421 0.0
18172 0.0732148 -0.00727272 0.0
18290 0.0731004 -0.0069786 0.0
18408 0.0731535 -0.00759344 0.0
18526 0.0733899 -0.00779558 0.0
18644 0.0733666 -0.00727718 0.0
18762 0.0732587 -0.0073326 0.0
18880 0.0733732 -0.00792157 0.0
18998 0.0735605 -0.00781593 0.0
19116 0.0735038 -0.00742633 0.0
19234 0.0734108 -0.00769063 0.0
19352 0.0735726 -0.00805868 0.0
19470 0.0737108 -0.00791436 0.0
19588 0.0736214 -0.00765116 0.0
19706 0.0735594 -0.0078984 0.0
19824 0.0737598 -0.00822114 0.0
19942 0.0738349 -0.0080637 0.0
20060 0.0737191 -0.00775846 0.0
20178 0.0737107 -0.0081229 0.0
20296 0.0739207 -0.00844154 0.0
20414 0.0739237 -0.00807531 0.0
20532 0.0738057 -0.00789469 0.0
20650 0.0738617 -0.00844261 0.0
20768 0.0740398 -0.00852577 0.0
20886 0.0739912 -0.00805953 0.0
21004 0.0738905 -0.00818308 0.0
21122 0.0739945 -0.00865744 0.0
21240 0.0741242 -0.00850585 0.0
21358 0.0740464 -0.00818659 0.0
21476 0.0739654 -0.00845019 0.0
21594 0.0741051 -0.00873661 0.0
21712 0.0741873 -0.00856918 0.0
21830 0.0740849 -0.00834611 0.0
21948 0.0740351 -0.0085988 0.0
22066 0.0742006 -0.00885148 0.0
22184 0.0742262 -0.00865081 0.0
22302 0.0741061 -0.00841588 0.0
22420 0.0741104 -0.00877122 0.0
22538 0.0742726 -0.0089842 0.0
22656 0.0742415 -0.00861833 0.0
22774 0.0741286 -0.00852479 0.0
22892 0.0741874 -0.00899145 0.0
23010 0.0743144 -0.00899009 0.0
23128 0.0742469 -0.00858466 0.0
23246 0.074155 -0.00873623 0.0
23364 0.0742507 -0.00910629 0.0
23482 0.0743355 -0.00893252 0.0
23600 0.0742481 -0.00866267 0.0
23718 0.0741792 -0.00890761 0.0
23836 0.0743012 -0.00912943 0.0
23954 0.0743443 -0.00894553 0.0
24072 0.0742379 -0.00875302 0.0
24190 0.0742036 -0.00900092 0.0
24308 0.0743399 -0.00919243 0.0
24426 0.0743346 -0.00896221 0.0
24544 0.0742191 -0.00879237 0.0
24662 0.0742343 -0.00912912 0.0
24780 0.0743584 -0.00925441 0.0
24898 0.0743072 -0.00890522 0.0
25016 0.0742042 -0.00888471 0.0
25134 0.0742642 -0.00927825 0.0
25252 0.0743528 -0.00921753 0.0
25370 0.0742747 -0.0088749 0.0
25488 0.0741945 -0.00904716 0.0
25606 0.0742825 -0.0093362 0.0
25724 0.0743328 -0.00915204 0.0
25842 0.0742401 -0.00893073 0.0
25960 0.0741854 -0.00916349 0.0
26078 0.0742911 -0.00933559 0.0
26196 0.0743043 -0.00914046 0.0
26314 0.0741993 -0.00898441 0.0
26432 0.0741806 -0.00922785 0.0
26550 0.0742908 -0.0093644 0.0
26668 0.0742632 -0.0091194 0.0
26786 0.0741574 -0.0090113 0.0
26904 0.0741825 -0.00932195 0.0
27022 0.074275 -0.00937451 0.0
27140 0.0742126 -0.00905387 0.0
27258 0.0741232 -0.00909018 0.0
27376 0.0741834 -0.00941376 0.0
27494 0.0742426 -0.00931089 0.0
27612 0.0741611 -0.00902848 0.0
27730 0.0740954 -0.00920942 0.0
27848 0.0741761 -0.00943003 0.0
27966 0.0742018 -0.00924325 0.0
28084 0.0741097 -0.00906689 0.0
28202 0.0740708 -0.00928484 0.0
28320 0.0741623 -0.00941437 0.0
28438 0.0741549 -0.00921625 0.0
28556 0.0740565 -0.00909735 0.0
28674 0.0740521 -0.00933049 0.0
28792 0.0741405 -0.00941956 0.0
28910 0.0740994 -0.00917474 0.0
29028 0.0740062 -0.00911952 0.0
29146 0.074039 -0.00939983 0.0
29264 0.0741066 -0.00939735 0.0
29382 0.0740392 -0.00911205 0.0
29500 0.0739647 -0.00918924 0.0
29618 0.074024 -0.0094526 0.0
29736 0.0740613 -0.00932313 0.0
29854 0.0739804 -0.00909504 0.0
29972 0.0739295 -0.00927843 0.0
30090 0.074003 -0.00944458 0.0
30208 0.0740108 -0.00925858 0.0
30326 0.0739232 -0.0091234 0.0
30444 0.0738991 -0.00932809 0.0
30562 0.0739769 -0.00942072 0.0
30680 0.0739558 -0.00922404 0.0
30798 0.0738667 -0.00914292 0.0
30916 0.0738745 -0.00936179 0.0
31034 0.0739442 -0.00940861 0.0
31152 0.0738953 -0.00917513 0.0
31270 0.0738158 -0.00916506 0.0
31388 0.0738538 -0.00941057 0.0
31506 0.0739016 -0.00936653 0.0
31624 0.0738337 -0.00912088 0.0
31742 0.0737742 -0.00922575 0.0
31860 0.0738317 -0.0094356 0.0
31978 0.0738522 -0.00929195 0.0
32096 0.073775 -0.0091125 0.0
32214 0.0737385 -0.00929217 0.0
32332 0.0738044 -0.00941388 0.0
32450 0.0737992 -0.00923348 0.0
32568 0.0737184 -0.00913502 0.0
32686 0.0737076 -0.00932562 0.0
32804 0.0737732 -0.00938531 0.0
32922 0.0737429 -0.00919561 0.0
33040 0.073665 -0.00914971 0.0
33158 0.0736825 -0.00935143 0.0
33276 0.0737362 -0.00936222 0.0
33394 0.073684 -0.00914789 0.0
33512 0.0736189 -0.00917439 0.0
33630 0.0736602 -0.00938473 0.0
33748 0.0736921 -0.00931184 0.0
33866 0.0736259 -0.00910718 0.0
33984 0.0735807 -0.00922807 0.0
34102 0.073635 -0.00939091 0.0
34220 0.0736428 -0.00924152 0.0
34338 0.073571 -0.00910508 0.0
34456 0.0735477 -0.00927693 0.0
34574 0.0736061 -0.00936246 0.0
34692 0.0735914 -0.00919004 0.0
34810 0.0735191 -0.00912391 0.0
34928 0.0735195 -0.00930017 0.0
35046 0.0735737 -0.00933221 0.0
35164 0.0735378 -0.00915359 0.0
35282 0.0734714 -0.00913906 0.0
35400 0.0734958 -0.00932074 0.0
35518 0.0735359 -0.00930154 0.0
35636 0.0734827 -0.00911132 0.0
35754 0.0734309 -0.00916569 0.0
35872 0.0734732 -0.00934081 0.0
35990 0.0734926 -0.00924773 0.0
36108 0.07343 -0.00908238 0.0
36226 0.0733976 -0.00921118 0.0
36344 0.0734482 -0.00933356 0.0
36462 0.0734462 -0.00918526 0.0
36580 0.073381 -0.00908649 0.0
36698 0.0733691 -0.00924746 0.0
36816 0.0734198 -0.00930249 0.0
36934 0.0733986 -0.00914089 0.0
37052 0.0733353 -0.00910282 0.0
37170 0.0733447 -0.00926346 0.0
37288 0.0733882 -0.00927117 0.0
37406 0.0733493 -0.0091068 0.0
37524 0.0732946 -0.00911793 0.0
37642 0.0733236 -0.00927795 0.0
37760 0.0733523 -0.00923555 0.0
37878 0.0733003 -0.00907183 0.0
37996 0.0732607 -0.00914588 0.0
38114 0.0733023 -0.00928781 0.0
38232 0.0733119 -0.00918312 0.0
38350 0.0732541 -0.00905455 0.0
38468 0.0732329 -0.00918481 0.0
38586 0.0732788 -0.00927289 0.0
38704 0.0732699 -0.00912958 0.0
38822 0.0732115 -0.0090628 0.0
38940 0.073209 -0.00921117 0.0
39058 0.0732523 -0.00924129 0.0
39176 0.0732266 -0.00909259 0.0
39294 0.0731724 -0.00907858 0.0
39412 0.0731884 -0.00922251 0.0
39530 0.0732227 -0.00920999 0.0
39648 0.0731827 -0.00906257 0.0
39766 0.0731387 -0.00909439 0.0
39884 0.07317 -0.0092321 0.0
40002 0.0731892 -0.00917257 0.0
40120 0.0731398 -0.00903555 0.0
40238 0.0731111 -0.00912182 0.0
40356 0.0731508 -0.00923353 0.0
40474 0.0731527 -0.00912364 0.0
40592 0.0731002 -0.00902727 0.0
40710 0.0730884 -0.00915425 0.0
40828 0.073129 -0.00921388 0.0
40946 0.0731147 -0.00907889 0.0
41064 0.0730636 -0.00903877 0.0
41182 0.0730684 -0.00917342 0.0
41300 0.0731045 -0.00918278 0.0
41418 0.0730762 -0.00904797 0.0
41536 0.0730311 -0.00905378 0.0
41654 0.0730516 -0.00918083 0.0
41772 0.0730774 -0.00915171 0.0
41890 0.0730377 -0.00902294 0.0
42008 0.0730038 -0.00907081 0.0
42126 0.0730357 -0.00918613 0.0
42244 0.0730469 -0.00911486 0.0
42362 0.0730009 -0.00900401 0.0
42480 0.0729817 -0.0090966 0.0
42598 0.0730183 -0.00918086 0.0
42716 0.0730142 -0.0090706 0.0
42834 0.0729673 -0.00900239 0.0
42952 0.0729634 -0.00912259 0.0
43070 0.0729987 -0.0091583 0.0
43188 0.0729808 -0.00903362 0.0
43306 0.0729372 -0.00901567 0.0
43424 0.0729477 -0.00913616 0.0
43542 0.0729768 -0.00912868 0.0
43660 0.0729472 -0.00900901 0.0
43778 0.0729109 -0.00903104 0.0
43896 0.072934 -0.00914091 0.0
44014 0.0729524 -0.00909903 0.0
44132 0.0729141 -0.0089898 0.0
44250 0.072889 -0.00904848 0.0
44368 0.0729202 -0.00914202 0.0
44486 0.072925 -0.00906387 0.0
44604 0.0728829 -0.00897781 0.0
44722 0.0728717 -0.0090718 0.0
44840 0.072905 -0.00913213 0.0
44958 0.0728963 -0.00902562 0.0
45076 0.0728552 -0.0089815 0.0
45194 0.0728576 -0.00909248 0.0
45312 0.0728876 -0.00910897 0.0
45430 0.0728673 -0.00899617 0.0
45548 0.0728306 -0.00899578 0.0
45666 0.072845 -0.00910186 0.0
45784 0.0728678 -0.00908119 0.0
45902 0.0728381 -0.00897673 0.0
46020 0.0728095 -0.0090108 0.0
46138 0.0728338 -0.00910397 0.0
46256 0.0728458 -0.00905296 0.0
46374 0.0728098 -0.0089626 0.0
46492 0.0727924 -0.00902821 0.0
46610 0.0728217 -0.00910167 0.0
46728 0.0728214 -0.00902062 0.0
46846 0.0727836 -0.00895676 0.0
46964 0.0727788 -0.00904863 0.0
47082 0.072808 -0.00908839 0.0
47200 0.072796 -0.00898814 0.0
47318 0.0727607 -0.00896392 0.0
47436 0.0727677 -0.00906435 0.0
47554 0.0727924 -0.00906507 0.0
47672 0.0727707 -0.00896472 0.0
47790 0.0727407 -0.0089782 0.0
47908 0.0727578 -0.00906994 0.0
48026 0.0727748 -0.00903901 0.0
48144 0.0727457 -0.0089499 0.0
48262 0.0727243 -0.00899278 0.0
48380 0.0727486 -0.00906967 0.0
48498 0.0727553 -0.00901253 0.0
48616 0.0727221 -0.00894044 0.0
48734 0.0727114 -0.00900926 0.0
48852 0.0727384 -0.00906429 0.0
48970 0.072734 -0.00898371 0.0
49088 0.0727008 -0.00893944 0.0
49206 0.0727013 -0.00902655 0.0
49324 0.0727264 -0.00904914 0.0
49442 0.0727121 -0.00895709 0.0
49560 0.0726821 -0.00894904 0.0
49678 0.0726926 -0.00903824 0.0
49796 0.0727124 -0.00902679 0.0
49914 0.0726902 -0.00893938 0.0
50032 0.0726664 -0.00896344 0.0
50150 0.0726849 -0.00904136 0.0
50268 0.0726967 -0.00900299 0.0
50386 0.072669 -0.00892886 0.0
50504 0.0726536 -0.00897754 0.0
50622 0.0726769 -0.00903913 0.0
50740 0.0726792 -0.00897901 0.0
50858 0.0726493 -0.00892382 0.0
50976 0.072644 -0.00899276 0.0
51094 0.0726681 -0.00903131 0.0
51212 0.0726606 -0.00895376 0.0
51330 0.0726318 -0.00892632 0.0
51448 0.0726363 -0.00900691 0.0
51566 0.0726574 -0.00901517 0.0
51684 0.0726417 -0.00893222 0.0
51802 0.072617 -0.00893699 0.0
51920 0.0726299 -0.00901474 0.0
52038 0.0726452 -0.0089938 0.0
52156 0.0726232 -0.00891891 0.0
52274 0.072605 -0.00895067 0.0
52392 0.0726238 -0.00901548 0.0
52510 0.0726315 -0.00897223 0.0
52628 0.0726055 -0.0089123 0.0
52746 0.0725955 -0.0089642 0.0
52864 0.0726173 -0.00901163 0.0
52982 0.0726161 -0.00895074 0.0
53100 0.0725893 -0.00891075 0.0
53218 0.0725885 -0.00897765 0.0
53336 0.0726095 -0.0090021 0.0
53454 0.0725999 -0.00892954 0.0
53572 0.0725753 -0.00891631 0.0
53690 0.0725827 -0.0089891 0.0
53808 0.0725999 -0.00898599 0.0
53926 0.0725835 -0.00891297 0.0
54044 0.0725636 -0.00892761 0.0
54162 0.0725776 -0.00899391 0.0
54280 0.0725888 -0.00896607 0.0
54398 0.0725675 -0.00890352 0.0
54516 0.0725542 -0.00894025 0.0
54634 0.0725726 -0.00899248 0.0
54752 0.0725764 -0.00894645 0.0
54870 0.0725527 -0.00889975 0.0
54988 0.0725472 -0.00895239 0.0
55106 0.072567 -0.00898696 0.0
55224 0.0725629 -0.00892749 0.0
55342 0.0725395 -0.00890089 0.0
55460 0.0725421 -0.00896379 0.0
55578 0.07256 -0.00897621 0.0
55696 0.0725488 -0.00890995 0.0
55814 0.0725283 -0.00890799 0.0
55932 0.0725378 -0.00897226 0.0
56050 0.0725513 -0.00896031 0.0
56168 0.0725346 -0.00889737 0.0
56286 0.0725192 -0.00891917 0.0
56404 0.0725337 -0.00897463 0.0
56522 0.0725413 -0.00894216 0.0
56640 0.0725211 -0.00889119 0.0
56758 0.0725122 -0.0089309 0.0
56876 0.0725296 -0.00897182 0.0
56994 0.0725303 -0.00892488 0.0
57112 0.072509 -0.00889014 0.0
57230 0.0725073 -0.0089419 0.0
57348 0.0725248 -0.00896528 0.0
57466 0.0725186 -0.00890876 0.0
57584 0.0724986 -0.00889358 0.0
57702 0.0725037 -0.00895145 0.0
57820 0.0725186 -0.00895402 0.0
57938 0.0725064 -0.00889474 0.0
58056 0.0724899 -0.00890169 0.0
58174 0.0725007 -0.00895732 0.0
58292 0.072511 -0.00893879 0.0
58410 0.0724946 -0.00888572 0.0
58528 0.0724832 -0.00891252 0.0
58646 0.0724977 -0.00895788 0.0
58764 0.0725022 -0.00892271 0.0
58882 0.0724836 -0.00888249 0.0
59000 0.0724783 -0.00892339 0.0
59118 0.0724944 -0.00895413 0.0
59236 0.0724926 -0.00890786 0.0
59354 0.0724738 -0.00888371 0.0
59472 0.0724749 -0.00893314 0.0
59590 0.07249 -0.00894684 0.0
59708 0.0724823 -0.00889445 0.0
59826 0.0724654 -0.00888885 0.0
59944 0.0724723 -0.00894089 0.0
60062 0.0724842 -0.00893559 0.0
60180 0.0724717 -0.00888375 0.0
60298 0.0724586 -0.00889747 0.0
60416 0.07247 -0.00894456 0.0
60534 0.0724773 -0.00892138 0.0
60652 0.0724616 -0.00887768 0.0
60770 0.0724536 -0.0089075 0.0
60888 0.0724675 -0.00894336 0.0
61006 0.0724694 -0.00890698 0.0
61124 0.0724525 -0.00887633 0.0
61242 0.0724502 -0.00891675 0.0
61360 0.0724646 -0.00893833 0.0
61478 0.0724609 -0.00889393 0.0
61596 0.0724446 -0.00887883 0.0
61714 0.0724479 -0.00892479 0.0
61832 0.0724606 -0.00893035 0.0
61950 0.0724519 -0.00888284 0.0
62068 0.072438 -0.00888481 0.0
62186 0.0724461 -0.00893055 0.0
62304 0.0724554 -0.00891919 0.0
62422 0.072443 -0.00887483 0.0
62540 0.0724331 -0.00889342 0.0
62658 0.0724445 -0.0089324 0.0
62776 0.0724493 -0.00890627 0.0
62894 0.0724346 -0.00887131 0.0
63012 0.0724295 -0.00890266 0.0
63130 0.0724425 -0.00893006 0.0
63248 0.0724422 -0.00889381 0.0
63366 0.0724271 -0.00887182 0.0
63484 0.0724271 -0.0089107 0.0
63602 0.0724398 -0.00892434 0.0
63720 0.0724346 -0.00888277 0.0
63838 0.0724207 -0.00887537 0.0
63956 0.0724257 -0.00891713 0.0
64074 0.0724361 -0.00891603 0.0
64192 0.0724269 -0.00887393 0.0
64310 0.0724158 -0.00888184 0.0
64428 0.0724246 -0.00892116 0.0
64546 0.0724315 -0.00890539 0.0
64664 0.0724194 -0.00886836 0.0
64782 0.0724123 -0.00889011 0.0
64900 0.0724234 -0.00892151 0.0
65018 0.072426 -0.00889389 0.0
65136 0.0724126 -0.00886688 0.0
65254 0.07241 -0.00889842 0.0
65372 0.0724218 -0.00891825 0.0
65490 0.0724198 -0.00888321 0.0
65608 0.0724066 -0.0088687 0.0
65726 0.0724086 -0.00890524 0.0
65844 0.0724194 -0.00891218 0.0
65962 0.0724132 -0.00887418 0.0
66080 0.0724017 -0.00887318 0.0
66198 0.0724077 -0.00891038 0.0
66316 0.072416 -0.00890401 0.0
66434 0.0724065 -0.00886751 0.0
66552 0.072398 -0.00887985 0.0
66670 0.0724069 -0.00891287 0.0
66788 0.0724117 -0.00889411 0.0
66906 0.0724002 -0.008864 0.0
67024 0.0723955 -0.00888757 0.0
67142 0.072406 -0.008912 0.0
67260 0.0724067 -0.00888398 0.0
67378 0.0723946 -0.00886408 0.0
67496 0.072394 -0.0088948 0.0
67614 0.0724044 -0.00890807 0.0
67732 0.0724011 -0.00887501 0.0
67850 0.0723897 -0.00886688 0.0
67968 0.0723931 -0.00890037 0.0
68086 0.0724021 -0.00890171 0.0
68204 0.0723953 -0.00886768 0.0
68322 0.072386 -0.00887169 0.0
68440 0.0723926 -0.008904 0.0
68558 0.0723989 -0.00889365 0.0
68676 0.0723897 -0.00886275 0.0
68794 0.0723834 -0.00887814 0.0
68912 0.0723922 -0.00890513 0.0
69030 0.0723952 -0.00888458 0.0
69148 0.0723846 -0.00886092 0.0
69266 0.0723819 -0.00888515 0.0
69384 0.0723915 -0.00890333 0.0
69502 0.0723907 -0.00887587 0.0
69620 0.07238 -0.00886217 0.0
69738 0.072381 -0.00889128 0.0
69856 0.07239 -0.00889895 0.0
69974 0.0723859 -0.00886848 0.0
70092 0.0723763 -0.00886567 0.0
70210 0.0723807 -0.00889577 0.0
70328 0.0723879 -0.00889268 0.0
70446 0.0723809 -0.00886288 0.0
70564 0.0723736 -0.00887079 0.0
70682 0.0723805 -0.00889832 0.0
70800 0.072385 -0.00888515 0.0
70918 0.0723762 -0.00885967 0.0
71036 0.0723719 -0.008877 0.0
71154 0.0723802 -0.00889841 0.0
71272 0.0723816 -0.0088771 0.0
71390 0.0723719 -0.00885921 0.0
71508 0.0723708 -0.00888317 0.0
71626 0.0723794 -0.00889585 0.0
71744 0.0723775 -0.00886964 0.0
71862 0.0723682 -0.00886124 0.0
71980 0.0723704 -0.00888818 0.0
72098 0.072378 -0.00889111 0.0
72216 0.0723732 -0.00886356 0.0
72334 0.0723654 -0.00886503 0.0
72452 0.0723703 -0.00889153 0.0
72570 0.072376 -0.00888499 0.0
72688 0.0723689 -0.00885947 0.0
72806 0.0723634 -0.00887018 0.0
72924 0.0723703 -0.00889302 0.0
73042 0.0723733 -0.00887797 0.0
73160 0.0723649 -0.00885752 0.0
73278 0.0723623 -0.00887579 0.0
73396 0.07237 -0.0088921 0.0
73514 0.0723701 -0.00887081 0.0
73632 0.0723615 -0.00885806 0.0
73750 0.0723618 -0.00888109 0.0
73868 0.0723693 -0.00888905 0.0
73986 0.0723665 -0.00886464 0.0
74104 0.0723586 -0.00886069 0.0
74222 0.0723617 -0.00888512 0.0
74340 0.072368 -0.00888425 0.0
74458 0.0723628 -0.00885989 0.0
74576 0.0723566 -0.00886469 0.0
74694 0.0723619 -0.00888749 0.0
74812 0.0723661 -0.00887837 0.0
74930 0.0723592 -0.00885701 0.0
75048 0.0723553 -0.00886962 0.0
75166 0.0723619 -0.00888807 0.0
75284 0.0723636 -0.00887207 0.0
75402 0.0723559 -0.0088563 0.0
75520 0.0723547 -0.00887479 0.0
75638 0.0723617 -0.00888659 0.0
75756 0.0723607 -0.008866 0.0
75874 0.0723531 -0.00885764 0.0
75992 0.0723545 -0.0088792 0.0
76110 0.0723609 -0.00888318 0.0
76228 0.0723575 -0.00886095 0.0
76346 0.072351 -0.00886067 0.0
76464 0.0723546 -0.00888237 0.0
76582 0.0723596 -0.00887851 0.0
76700 0.0723542 -0.00885745 0.0
76818 0.0723495 -0.00886473 0.0
76936 0.0723548 -0.00888389 0.0
77054 0.0723577 -0.00887301 0.0
77172 0.0723512 -0.00885562 0.0
77290 0.0723486 -0.00886928 0.0
77408 0.0723548 -0.00888365 0.0
77526 0.0723554 -0.00886736 0.0
77644 0.0723485 -0.00885573 0.0
77762 0.0723483 -0.00887373 0.0
77880 0.0723545 -0.0088816 0.0
77998 0.0723528 -0.00886219 0.0
78116 0.0723463 -0.00885758 0.0
78234 0.0723484 -0.00887731 0.0
78352 0.0723538 -0.00887801 0.0
78470 0.07235 -0.00885817 0.0
78588 0.0723447 -0.00886075 0.0
78706 0.0723488 -0.0088796 0.0
78824 0.0723526 -0.00887348 0.0
78942 0.0723473 -0.00885566 0.0
79060 0.0723439 -0.00886469 0.0
79178 0.0723491 -0.00888043 0.0
79296 0.072351 -0.00886855 0.0
79414 0.0723449 -0.00885487 0.0
79532 0.0723435 -0.00886898 0.0
79650 0.0723491 -0.00887973 0.0
79768 0.0723488 -0.00886371 0.0
79886 0.0723427 -0.00885571 0.0
80004 0.0723434 -0.00887281 0.0
80122 0.0723487 -0.00887734 0.0
80240 0.0723463 -0.00885945 0.0
80358 0.0723408 -0.00885795 0.0
80476 0.0723435 -0.00887565 0.0
80594 0.0723478 -0.00887373 0.0
80712 0.0723438 -0.0088564 0.0
80830 0.0723396 -0.00886118 0.0
80948 0.0723438 -0.00887719 0.0
81066 0.0723465 -0.00886943 0.0
81184 0.0723415 -0.00885472 0.0
81302 0.0723391 -0.00886483 0.0
81420 0.0723441 -0.00887731 0.0
81538 0.072345 -0.00886494 0.0
81656 0.0723395 -0.00885458 0.0
81774 0.0723391 -0.00886857 0.0
81892 0.0723442 -0.00887608 0.0
82010 0.0723432 -0.00886079 0.0
82128 0.0723378 -0.0088559 0.0
82246 0.0723392 -0.00887172 0.0
82364 0.0723437 -0.00887343 0.0
82482 0.072341 -0.00885728 0.0
82600 0.0723365 -0.00885823 0.0
82718 0.0723395 -0.00887375 0.0
82836 0.0723428 -0.00886981 0.0
82954 0.0723388 -0.00885498 0.0
83072 0.0723357 -0.00886135 0.0
83190 0.0723398 -0.00887466 0.0
83308 0.0723416 -0.00886588 0.0
83426 0.0723368 -0.00885412 0.0
83544 0.0723354 -0.00886481 0.0
83662 0.07234 -0.00887436 0.0
83780 0.0723402 -0.00886203 0.0
83898 0.0723354 -0.00885466 0.0
84016 0.0723357 -0.00886816 0.0
84134 0.0723402 -0.00887292 0.0
84252 0.0723387 -0.00885871 0.0
84370 0.0723343 -0.00885649 0.0
84488 0.0723362 -0.00887086 0.0
84606 0.0723399 -0.00887035 0.0
84724 0.0723369 -0.00885612 0.0
84842 0.0723333 -0.00885899 0.0
84960 0.0723364 -0.00887227 0.0
85078 0.0723388 -0.00886681 0.0
85196 0.0723348 -0.00885434 0.0
85314 0.0723325 -0.00886168 0.0
85432 0.0723363 -0.00887234 0.0
85550 0.0723373 -0.00886294 0.0
85668 0.0723328 -0.0088538 0.0
85786 0.0723322 -0.00886456 0.0
85904 0.0723364 -0.00887148 0.0
86022 0.072336 -0.00885954 0.0
86140 0.0723317 -0.00885477 0.0
86258 0.0723327 -0.00886748 0.0
86376 0.0723367 -0.00886994 0.0
86494 0.0723349 -0.00885706 0.0
86612 0.0723313 -0.00885703 0.0
86730 0.0723336 -0.00886983 0.0
86848 0.0723367 -0.00886759 0.0
86966 0.0723336 -0.00885533 0.0
87084 0.0723309 -0.00885965 0.0
87202 0.072334 -0.00887079 0.0
87320 0.0723356 -0.00886429 0.0
87438 0.0723316 -0.00885409 0.0
87556 0.0723301 -0.00886194 0.0
87674 0.0723335 -0.00887013 0.0
87792 0.0723337 -0.00886046 0.0
87910 0.0723295 -0.0088536 0.0
88028 0.0723294 -0.008864 0.0
88146 0.072333 -0.00886855 0.0
88264 0.0723321 -0.00885724 0.0
88382 0.0723284 -0.00885463 0.0
88500 0.0723299 -0.0088663 0.0
88618 0.0723333 -0.00886691 0.0
88736 0.0723314 -0.00885553 0.0
88854 0.0723288 -0.00885734 0.0
88972 0.0723315 -0.00886866 0.0
89090 0.072334 -0.0088653 0.0
89208 0.0723312 -0.00885514 0.0
89326 0.0723294 -0.00886065 0.0
89444 0.0723326 -0.00886988 0.0
89562 0.0723336 -0.00886286 0.0
89680 0.0723299 -0.0088548 0.0
89798 0.0723288 -0.00886282 0.0
89916 0.0723318 -0.00886875 0.0
90034 0.0723312 -0.00885907 0.0
90152 0.0723272 -0.00885409 0.0
90270 0.0723273 -0.00886371 0.0
90388 0.0723301 -0.00886606 0.0
90506 0.0723285 -0.0088554 0.0
90624 0.0723252 -0.0088544 0.0
90742 0.0723269 -0.00886474 0.0
90860 0.0723296 -0.00886376 0.0
90978 0.0723277 -0.00885388 0.0
91096 0.0723259 -0.00885709 0.0
91214 0.072329 -0.00886696 0.0
91332 0.0723313 -0.00886294 0.0
91450 0.072329 -0.00885494 0.0
91568 0.0723283 -0.00886143 0.0
91686 0.0723318 -0.00886914 0.0
91804 0.0723326 -0.00886219 0.0
91922 0.0723295 -0.00885633 0.0
92040 0.0723291 -0.00886443 0.0
92158 0.0723317 -0.00886849 0.0
92276 0.0723304 -0.00885909 0.0
92394 0.0723265 -0.00885564 0.0
92512 0.0723264 -0.00886412 0.0
92630 0.0723281 -0.00886434 0.0
92748 0.0723256 -0.00885417 0.0
92866 0.0723222 -0.00885408 0.0
92984 0.0723234 -0.00886266 0.0
93102 0.0723251 -0.00886008 0.0
93220 0.0723229 -0.00885141 0.0
93338 0.0723216 -0.00885544 0.0
93456 0.0723248 -0.00886379 0.0
93574 0.0723271 -0.00885945 0.0
93692 0.0723257 -0.00885363 0.0
93810 0.0723264 -0.00886105 0.0
93928 0.0723306 -0.00886778 0.0
94046 0.072332 -0.00886165 0.0
94164 0.0723301 -0.00885828 0.0
94282 0.072331 -0.00886675 0.0
94400 0.0723337 -0.00886971 0.0
94518 0.0723325 -0.0088612 0.0
94636 0.0723289 -0.00885926 0.0
94754 0.0723286 -0.00886658 0.0
94872 0.072329 -0.00886488 0.0
94990 0.0723252 -0.00885496 0.0
95108 0.072321 -0.00885496 0.0
95226 0.0723208 -0.00886111 0.0
95344 0.0723206 -0.0088565 0.0
95462 0.0723171 -0.00884819 0.0
95580 0.0723153 -0.00885197 0.0
95698 0.0723179 -0.00885823 0.0
95816 0.0723196 -0.00885338 0.0
95934 0.0723188 -0.00884936 0.0
96052 0.0723209 -0.0088575 0.0
96170 0.0723263 -0.00886377 0.0
96288 0.0723292 -0.00885927 0.0
96406 0.0723298 -0.00885903 0.0
96524 0.0723332 -0.00886871 0.0
96642 0.0723376 -0.00887196 0.0
96760 0.0723378 -0.00886562 0.0
96878 0.0723359 -0.00886597 0.0
96996 0.0723362 -0.00887291 0.0
97114 0.0723358 -0.00887015 0.0
97232 0.0723309 -0.0088607 0.0
97350 0.0723253 -0.00886025 0.0
97468 0.0723227 -0.00886332 0.0
97586 0.0723191 -0.00885587 0.0
97704 0.0723125 -0.00884642 0.0
97822 0.072308 -0.00884803 0.0
97940 0.0723076 -0.0088506 0.0
98058 0.0723068 -0.0088438 0.0
98176 0.0723051 -0.00883997 0.0
98294 0.0723075 -0.00884756 0.0
98412 0.0723136 -0.00885301 0.0
98530 0.0723184 -0.00885037 0.0
98648 0.0723226 -0.00885371 0.0
98766 0.0723302 -0.00886582 0.0
98884 0.0723388 -0.00887146 0.0
99002 0.0723435 -0.00886964 0.0
99120 0.0723463 -0.00887453 0.0
99238 0.0723504 -0.00888355 0.0
99356 0.0723521 -0.00888223 0.0
99474 0.0723482 -0.00887502 0.0
99592 0.0723424 -0.008875 0.0
99710 0.0723373 -0.00887534 0.0
99828 0.0723292 -0.00886471 0.0
99946 0.0723174 -0.00885254 0.0
100064 0.072307 -0.00884944 0.0
100182 0.0722996 -0.00884545 0.0
100300 0.0722918 -0.00883344 0.0
100418 0.0722844 -0.00882599 0.0
100536 0.0722826 -0.00882938 0.0
100654 0.0722859 -0.00883123 0.0
100772 0.0722903 -0.00882841 0.0
100890 0.0722971 -0.00883404 0.0
101008 0.0723097 -0.00884869 0.0
101126 0.0723249 -0.00885851 0.0
101244 0.0723383 -0.00886413 0.0
101362 0.0723512 -0.00887735 0.0
101480 0.0723653 -0.00889334 0.0
101598 0.0723759 -0.00889907 0.0
101716 0.0723796 -0.00889942 0.0
101834 0.0723793 -0.00890443 0.0
101952 0.0723761 -0.00890596 0.0
102070 0.0723661 -0.00889468 0.0
102188 0.0723492 -0.00888021 0.0
102306 0.0723303 -0.00887078 0.0
102424 0.0723109 -0.00885697 0.0
102542 0.0722891 -0.00883467 0.0
102660 0.0722674 -0.00881678 0.0
102778 0.0722515 -0.00880829 0.0
102896 0.0722421 -0.00879884 0.0
103014 0.072237 -0.00878843 0.0
103132 0.072239 -0.0087898 0.0
103250 0.0722515 -0.00880239 0.0
103368 0.0722716 -0.00881443 0.0
103486 0.0722955 -0.00882807 0.0
103604 0.0723241 -0.00885291 0.0
103722 0.072357 -0.00888223 0.0
103840 0.0723883 -0.00890395 0.0
103958 0.0724135 -0.00892236 0.0
104076 0.0724333 -0.00894378 0.0
104194 0.0724461 -0.00895808 0.0
104312 0.0724465 -0.00895666 0.0
104430 0.0724337 -0.00894786 0.0
104548 0.0724111 -0.00893689 0.0
104666 0.0723797 -0.00891445 0.0
104784 0.0723384 -0.00887876 0.0
104902 0.0722914 -0.0088428 0.0
105020 0.0722459 -0.00881105 0.0
105138 0.0722046 -0.00877613 0.0
105256 0.0721689 -0.00874187 0.0
105374 0.0721447 -0.00872189 0.0
105492 0.0721375 -0.00871646 0.0
105610 0.0721468 -0.00871737 0.0
105728 0.0721709 -0.00872941 0.0
105846 0.0722116 -0.0087612 0.0
105964 0.0722676 -0.00880535 0.0
106082 0.0723317 -0.00885097 0.0
106200 0.0723977 -0.00890117 0.0
106318 0.072463 -0.00895792 0.0
106436 0.0725214 -0.00900804 0.0
106554 0.0725637 -0.0090415 0.0
106672 0.0725853 -0.00906287 0.0
106790 0.0725853 -0.00907222 0.0
106908 0.0725614 -0.00905826 0.0
107026 0.0725108 -0.00901922 0.0
107144 0.0724378 -0.00896656 0.0
107262 0.0723501 -0.00890388 0.0
107380 0.072253 -0.00882707 0.0
107498 0.0721527 -0.00874432 0.0
107616 0.0720608 -0.00867189 0.0
107734 0.0719884 -0.0086136 0.0
107852 0.0719411 -0.00856769 0.0
107970 0.071924 -0.00854431 0.0
108088 0.0719436 -0.0085544 0.0
108206 0.0720013 -0.00859324 0.0
108324 0.0720918 -0.00865356 0.0
108442 0.0722085 -0.00873878 0.0
108560 0.0723455 -0.00884763 0.0
108678 0.0724914 -0.00896376 0.0
108796 0.0726304 -0.00907381 0.0
108914 0.0727499 -0.00917523 0.0
109032 0.0728397 -0.00925908 0.0
109150 0.072888 -0.00930718 0.0
109268 0.0728844 -0.00931196 0.0
109386 0.0728266 -0.0092782 0.0
109504 0.0727176 -0.00920462 0.0
109622 0.0725617 -0.00908744 0.0
109740 0.0723683 -0.00893788 0.0
109858 0.0721552 -0.00877551 0.0
109976 0.0719424 -0.00861047 0.0
110094 0.071748 -0.00845127 0.0
110212 0.0715909 -0.00831834 0.0
110330 0.0714915 -0.00823089 0.0
110448 0.0714631 -0.00819342 0.0
110566 0.0715107 -0.00820841 0.0
110684 0.0716349 -0.00828557 0.0
110802 0.0718316 -0.00842593 0.0
110920 0.0720872 -0.00861465 0.0
111038 0.0723799 -0.00883703 0.0
111156 0.0726868 -0.00908308 0.0
111274 0.072983 -0.00933186 0.0
111392 0.0732392 -0.00955176 0.0
111510 0.0734263 -0.00971956 0.0
111628 0.0735229 -0.00982132 0.0
111746 0.0735132 -0.00983862 0.0
111864 0.0733869 -0.00975613 0.0
111982 0.0731444 -0.00957857 0.0
112100 0.0728005 -0.00932307 0.0
112218 0.0723813 -0.00900558 0.0
112336 0.0719188 -0.00864796 0.0
112454 0.0714544 -0.00828754 0.0
112572 0.0710355 -0.00796127 0.0
112690 0.0707063 -0.00769357 0.0
112808 0.0705018 -0.00750754 0.0
112926 0.0704492 -0.00742986 0.0
113044 0.0705637 -0.00747572 0.0
113162 0.0708428 -0.00764366 0.0
113280 0.071268 -0.00792943 0.0
113398 0.0718106 -0.00832685 0.0
113516 0.0724325 -0.00881101 0.0
113634 0.0730823 -0.00933954 0.0
113752 0.0737035 -0.00986769 0.0
113870 0.0742398 -0.0103486 0.0
113988 0.0746357 -0.0107235 0.0
114106 0.0748385 -0.0109364 0.0
114224 0.0748087 -0.0109531 0.0
114342 0.0745272 -0.01076 0.0
114460 0.0739955 -0.0103581 0.0
114578 0.0732387 -0.00977373 0.0
114696 0.0723102 -0.00906404 0.0
114814 0.0712903 -0.00829898 0.0
114932 0.0702745 -0.00754465 0.0
115050 0.0693658 -0.00686761 0.0
115168 0.0686639 -0.00633159 0.0
115286 0.0682513 -0.00598107 0.0
115404 0.068178 -0.00583946 0.0
115522 0.0684588 -0.00592692 0.0
115640 0.0690769 -0.00626247 0.0
115758 0.0699884 -0.00684416 0.0
115876 0.0711269 -0.00765406 0.0
115994 0.0724117 -0.00865648 0.0
116112 0.0737498 -0.00978927 0.0
116230 0.0750359 -0.0109502 0.0
116348 0.0761535 -0.0120105 0.0
116466 0.0769801 -0.0128375 0.0
116584 0.0774066 -0.0133061 0.0
116702 0.0773411 -0.0133163 0.0
116820 0.0767235 -0.0128209 0.0
116938 0.075547 -0.0118551 0.0
117056 0.0738612 -0.0105068 0.0
117174 0.0717827 -0.00891941 0.0
117292 0.0694889 -0.00726991 0.0
117410 0.0672061 -0.00573375 0.0
117528 0.0651938 -0.00445293 0.0
117646 0.0636977 -0.0035059 0.0
117764 0.0629028 -0.00292056 0.0
117882 0.062896 -0.00270181 0.0
118000 0.0636473 -0.0028508 0.0
118118 0.0650408 -0.00339917 0.0
118236 0.0669373 -0.0044073 0.0
118354 0.0692066 -0.00591645 0.0
118472 0.0717288 -0.00790348 0.0
118590 0.0743547 -0.0102591 0.0
118708 0.076901 -0.0127738 0.0
118826 0.0791455 -0.0151466 0.0
118944 0.0808422 -0.0170125 0.0
119062 0.081736 -0.0180221 0.0
119180 0.0816047 -0.0179306 0.0
119298 0.0802896 -0.0166509 0.0
119416 0.0777317 -0.0142799 0.0
119534 0.074005 -0.011112 0.0
119652 0.0693434 -0.00758755 0.0
119770 0.0641317 -0.00420566 0.0
119888 0.058905 -0.00142061 0.0
120006 0.0543157 0.000468365 0.0
120124 0.0510437 0.00142305 0.0
120242 0.0496437 0.00170465 0.0
120360 0.0503103 0.00172695 0.0
120478 0.0527026 0.0017347 0.0
120596 0.0560744 0.00149943 0.0
120714 0.0598433 0.00049305 0.0
120832 0.0639035 -0.00163185 0.0
120950 0.0682623 -0.00497522 0.0
121068 0.0728085 -0.00940513 0.0
121186 0.0772673 -0.0144722 0.0
121304 0.0812649 -0.0194008 0.0
121422 0.0843786 -0.0232531 0.0
121540 0.0861388 -0.0251947 0.0
121658 0.0860318 -0.0246847 0.0
121776 0.0835992 -0.0215871 0.0
121894 0.0785969 -0.0162442 0.0
122012 0.0711507 -0.00948062 0.0
122130 0.0617274 -0.00250357 0.0
122248 0.0511044 0.00330492 0.0
122366 0.0405766 0.00673709 0.0
122484 0.0318723 0.00730182 0.0
122602 0.0264033 0.00555429 0.0
122720 0.0248036 0.0028105 0.0
122838 0.0271964 0.000726386 0.0
122956 0.033202 0.000973151 0.0
123074 0.0411491 0.00395109 0.0
123192 0.0482057 0.00638056 0.0
123310 0.0540554 0.00526513 0.0
123428 0.0598438 0.000969029 0.0
123546 0.0657081 -0.00600577 0.0
123664 0.0713765 -0.014367 0.0
123782 0.0766266 -0.0220944 0.0
123900 0.0812633 -0.0275566 0.0
124018 0.084678 -0.0298382 0.0
124136 0.0854419 -0.0281446 0.0
124254 0.0818674 -0.0219458 0.0
124372 0.0732272 -0.0120464 0.0
124490 0.0602123 -0.000920459 0.0
124608 0.0450812 0.00805885 0.0
124726 0.03189 0.0124173 0.0
124844 0.0231809 0.0123938 0.0
124962 0.0179081 0.00952449 0.0
125080 0.0147937 0.00477172 0.0
125198 0.014173 -0.000739833 0.0
125316 0.0169232 -0.00496238 0.0
125434 0.0232647 -0.00520384 0.0
125552 0.0316812 0.000598246 0.0
125670 0.0389319 0.0089241 0.0
125788 0.0445939 0.00958278 0.0
125906 0.0503853 0.00305586 0.0
126024 0.0566171 -0.00711354 0.0
126142 0.0631245 -0.0170409 0.0
126260 0.0696363 -0.0242817 0.0
126378 0.0757913 -0.0279862 0.0
126496 0.0801678 -0.0273673 0.0
126614 0.0789243 -0.020796 0.0
126732 0.0692567 -0.00890716 0.0
126850 0.0540888 0.00325603 0.0
126968 0.040823 0.0109646 0.0
127086 0.0328933 0.0142871 0.0
127204 0.0268943 0.0148275 0.0
127322 0.0210241 0.0121758 0.0
127440 0.0166346 0.00632937 0.0
127558 0.014961 -0.000978457 0.0
127676 0.016535 -0.00703113 0.0
127794 0.0211365 -0.0088773 0.0
127912 0.0270826 -0.00480664 0.0
128030 0.0316105 0.00395097 0.0
128148 0.0346169 0.00929903 0.0
128266 0.0396283 0.00429473 0.0
128384 0.0467641 -0.00582969 0.0
128502 0.0548088 -0.0154878 0.0
128620 0.0629323 -0.0219531 0.0
128738 0.0704242 -0.0241879 0.0
128856 0.0748716 -0.0213986 0.0
128974 0.0709924 -0.012553 0.0
129092 0.0589586 -0.000921795 0.0
129210 0.0473853 0.00822792 0.0
129328 0.0403612 0.0139806 0.0
129446 0.033881 0.0172698 0.0
129564 0.0270262 0.0165744 0.0
129682 0.0214571 0.0113654 0.0
129800 0.0181488 0.00322604 0.0
129918 0.0177726 -0.00512383 0.0
130036 0.0203699 -0.0102592 0.0
130154 0.0245827 -0.00980222 0.0
130272 0.0281199 -0.00443133 0.0
130390 0.0295215 0.00250578 0.0
130508 0.0309014 0.00504769 0.0
130626 0.0359841 -0.000234393 0.0
130744 0.0442333 -0.00895872 0.0
130862 0.053594 -0.0163105 0.0
130980 0.0624758 -0.0198023 0.0
131098 0.069034 -0.0189064 0.0
131216 0.0691597 -0.0130829 0.0
131334 0.0609007 -0.00319757 0.0
131452 0.0510086 0.00654167 0.0
131570 0.0443943 0.0137204 0.0
131688 0.0380128 0.0183565 0.0
131806 0.0314123 0.0186364 0.0
131924 0.0257257 0.0139749 0.0
132042 0.021781 0.00568104 0.0
132160 0.0205259 -0.00355709 0.0
132278 0.0221338 -0.0100414 0.0
132396 0.025286 -0.0110713 0.0
132514 0.0278933 -0.0072219 0.0
132632 0.028703 -0.00167936 0.0
132750 0.0287742 0.00193259 0.0
132868 0.0314478 0.000393967 0.0
132986 0.0381997 -0.00563345 0.0
133104 0.0474715 -0.0123596 0.0
133222 0.0569121 -0.016458 0.0
133340 0.0644278 -0.0168243 0.0
133458 0.0672465 -0.0133094 0.0
133576 0.0623378 -0.00522691 0.0
133694 0.0534383 0.00474908 0.0
133812 0.0466672 0.0127617 0.0
133930 0.0406299 0.0180903 0.0
134048 0.0344559 0.0191617 0.0
134166 0.0287743 0.0152426 0.0
134284 0.0244543 0.00730679 0.0
134402 0.022656 -0.0020863 0.0
134520 0.0236458 -0.0091658 0.0
134638 0.026242 -0.010977 0.0
134756 0.0283852 -0.00783413 0.0
134874 0.0288323 -0.00286279 0.0
134992 0.0283076 0.000771532 0.0
135110 0.0295713 0.000548454 0.0
135228 0.0346719 -0.00376327 0.0
135346 0.0429346 -0.00963888 0.0
135464 0.0522357 -0.0141179 0.0
135582 0.0603143 -0.0155287 0.0
135700 0.0652727 -0.0138755 0.0
135818 0.0640546 -0.00816634 0.0
135936 0.0564711 0.00124263 0.0
136054 0.0487311 0.0100686 0.0
136172 0.0426521 0.0161593 0.0
136290 0.0366886 0.0184344 0.0
136408 0.0309981 0.0159113 0.0
136526 0.0262676 0.00908341 0.0
136644 0.023736 4.31866e-05 0.0
136762 0.0240622 -0.00759165 0.0
136880 0.0264294 -0.0103969 0.0
136998 0.0287908 -0.00782121 0.0
137116 0.0293934 -0.0026663 0.0
137234 0.0284377 0.0016693 0.0
137352 0.0284735 0.00233461 0.0
137470 0.0320359 -0.00133756 0.0
137588 0.0389747 -0.00712188 0.0
137706 0.0476242 -0.0122076 0.0
137824 0.0559439 -0.0146988 0.0
137942 0.0623147 -0.0144423 0.0
138060 0.0648956 -0.0114141 0.0
138178 0.0609754 -0.00439707 0.0
138296 0.0525262 0.00482201 0.0
138414 0.0451292 0.0121798 0.0
138532 0.038899 0.0161964 0.0
138650 0.0330068 0.0158846 0.0
138768 0.0278052 0.0111356 0.0
138886 0.0242295 0.00322461 0.0
139004 0.0233949 -0.00491863 0.0
139122 0.0253688 -0.00945054 0.0
139240 0.0284505 -0.00823169 0.0
139358 0.0301539 -0.00289521 0.0
139476 0.0295309 0.00304358 0.0
139594 0.0284688 0.00571309 0.0
139712 0.0303843 0.00283605 0.0
139830 0.0358171 -0.00339576 0.0
139948 0.0433592 -0.00971909 0.0
140066 0.0514394 -0.0138689 0.0
140184 0.0584817 -0.0149775 0.0
140302 0.0633916 -0.0136968 0.0
140420 0.0643833 -0.0100022 0.0
140538 0.0592646 -0.00289232 0.0
140656 0.0503804 0.00555584 0.0
140774 0.0424877 0.0117355 0.0
140892 0.0358566 0.0142708 0.0
141010 0.029954 0.0125295 0.0
141128 0.0252342 0.00692721 0.0
141246 0.0226878 -0.000739681 0.0
141364 0.0232738 -0.0071798 0.0
141482 0.0265526 -0.00881136 0.0
141600 0.0299999 -0.00480084 0.0
141718 0.0312026 0.00232326 0.0
141836 0.0301259 0.00846084 0.0
141954 0.0303341 0.0084875 0.0
142072 0.0340386 0.00259194 0.0
142190 0.0401971 -0.0050777 0.0
142308 0.047453 -0.0115361 0.0
142426 0.0545991 -0.0150765 0.0
142544 0.0604977 -0.0153877 0.0
142662 0.0643196 -0.0135342 0.0
142780 0.0644523 -0.00970103 0.0
142898 0.0590801 -0.00316002 0.0
143016 0.0499323 0.00447324 0.0
143134 0.0412316 0.00998301 0.0
143252 0.0340327 0.0118353 0.0
143370 0.0280048 0.00966808 0.0
143488 0.023614 0.00413068 0.0
143606 0.0218457 -0.00272541 0.0
143724 0.0234955 -0.0075673 0.0
143842 0.027582 -0.00726835 0.0
143960 0.0312836 -0.00158637 0.0
144078 0.0323917 0.00684443 0.0
144196 0.0318158 0.012426 0.0
144314 0.0334742 0.00999092 0.0
144432 0.0379875 0.00235997 0.0
144550 0.0441267 -0.00603853 0.0
144668 0.0508133 -0.0126111 0.0
144786 0.0571672 -0.015976 0.0
144904 0.0623035 -0.0159985 0.0
145022 0.0654605 -0.0138628 0.0
145140 0.0651467 -0.0100544 0.0
145258 0.0598365 -0.00411298 0.0
145376 0.0506756 0.00287108 0.0
145494 0.0413245 0.00809924 0.0
145612 0.0335366 0.00987023 0.0
145730 0.0272935 0.00785742 0.0
145848 0.023001 0.00278932 0.0
145966 0.0216061 -0.00327175 0.0
146084 0.0237097 -0.00714682 0.0
146202 0.0281541 -0.00597792 0.0
146320 0.0321288 0.000501778 0.0
146438 0.0335415 0.00967692 0.0
146556 0.0337217 0.0145763 0.0
146674 0.0361019 0.0108582 0.0
146792 0.0407686 0.00242949 0.0
146910 0.0466957 -0.00638991 0.0
147028 0.0529665 -0.013172 0.0
147146 0.0588795 -0.0166646 0.0
147264 0.0637139 -0.0167483 0.0
147382 0.066632 -0.0145124 0.0
147500 0.0661324 -0.0106664 0.0
147618 0.060805 -0.00497652 0.0
147736 0.0516406 0.00169592 0.0
147854 0.0419121 0.00693457 0.0
147972 0.0337184 0.0089192 0.0
148090 0.0272265 0.00726845 0.0
148208 0.0228078 0.00264415 0.0
148326 0.0213072 -0.00300671 0.0
148444 0.0233274 -0.00669698 0.0
148562 0.0278182 -0.00557683 0.0
148680 0.0321167 0.000890434 0.0
148798 0.0340115 0.0103328 0.0
148916 0.0346104 0.0153543 0.0
149034 0.0371487 0.01149 0.0
149152 0.0417845 0.00278586 0.0
149270 0.0475973 -0.00635245 0.0
149388 0.0537397 -0.0134456 0.0
149506 0.0595888 -0.0172508 0.0
149624 0.0644757 -0.0175501 0.0
149742 0.067528 -0.015324 0.0
149860 0.0670211 -0.0113222 0.0
149978 0.0615304 -0.00549155 0.0
150096 0.0521529 0.00132009 0.0
150214 0.0422255 0.00680718 0.0
150332 0.0338854 0.00913129 0.0
150450 0.027218 0.00782407 0.0
150568 0.0225264 0.00343432 0.0
150686 0.0205839 -0.00228428 0.0
150804 0.0221329 -0.00647275 0.0
150922 0.0264478 -0.00615559 0.0
151040 0.0310337 -0.000404865 0.0
151158 0.0334465 0.00886989 0.0
151276 0.0340718 0.0149836 0.0
151394 0.0364314 0.0119665 0.0
151512 0.0410262 0.00340105 0.0
151630 0.0469259 -0.00597658 0.0
151748 0.0532337 -0.0134557 0.0
151866 0.0593222 -0.0176487 0.0
151984 0.064535 -0.0182194 0.0
152102 0.0679411 -0.0160613 0.0
152220 0.067561 -0.0118378 0.0
152338 0.0617937 -0.00557594 0.0
152456 0.0520694 0.00172303 0.0
152574 0.0421594 0.00760708 0.0
152692 0.0339974 0.0102867 0.0
152810 0.0273285 0.00924238 0.0
152928 0.0223574 0.00488403 0.0
153046 0.019877 -0.00123084 0.0
153164 0.0207377 -0.0063363 0.0
153282 0.0246443 -0.00727243 0.0
153400 0.0293323 -0.00266514 0.0
153518 0.0321424 0.00591879 0.0
153636 0.0326213 0.0132761 0.0
153754 0.0344408 0.0119887 0.0
153872 0.038924 0.00406051 0.0
153990 0.045033 -0.00536693 0.0
154108 0.0517349 -0.0131505 0.0
154226 0.0582909 -0.0176961 0.0
154344 0.0639924 -0.018515 0.0
154462 0.0678194 -0.0164187 0.0
154580 0.0675778 -0.0120045 0.0
154698 0.0614959 -0.0051828 0.0
154816 0.0515316 0.00272653 0.0
154934 0.0420133 0.00895771 0.0
155052 0.0343275 0.0119095 0.0
155170 0.0277869 0.011008 0.0
155288 0.0226769 0.00651647 0.0
155406 0.0197844 -0.000106271 0.0
155524 0.0200192 -0.00616945 0.0
155642 0.0234031 -0.00833049 0.0
155760 0.0279304 -0.00484405 0.0
155878 0.0308413 0.00282551 0.0
155996 0.0311564 0.0105706 0.0
156114 0.0321833 0.0111584 0.0
156232 0.0363682 0.0042948 0.0
156350 0.0426896 -0.00482836 0.0
156468 0.049853 -0.012681 0.0
156586 0.0569614 -0.0173665 0.0
156704 0.063149 -0.0182846 0.0
156822 0.067306 -0.0162415 0.0
156940 0.0670831 -0.0116581 0.0
157058 0.0606726 -0.00431299 0.0
157176 0.0507312 0.00406285 0.0
157294 0.0419158 0.0104373 0.0
157412 0.0347376 0.0134536 0.0
157530 0.0283957 0.0124759 0.0
157648 0.0233156 0.00768555 0.0
157766 0.0202811 0.000568113 0.0
157884 0.0202166 -0.0061637 0.0
158002 0.0232343 -0.00903374 0.0
158120 0.0274437 -0.00619546 0.0
158238 0.0301041 0.00081503 0.0
158356 0.0301746 0.00818581 0.0
158474 0.030587 0.00970167 0.0
158592 0.0344194 0.00383779 0.0
158710 0.0408545 -0.00475997 0.0
158828 0.0483969 -0.0123471 0.0
158946 0.0559462 -0.0168595 0.0
159064 0.0624422 -0.0176821 0.0
159182 0.0666946 -0.0156055 0.0
159300 0.0662531 -0.0108685 0.0
159418 0.0595127 -0.00311046 0.0
159536 0.0497979 0.00546503 0.0
159654 0.0416737 0.0116964 0.0
159772 0.0348576 0.0144981 0.0
159890 0.0287227 0.0131489 0.0
160008 0.023799 0.00791326 0.0
160126 0.0208796 0.000398139 0.0
160244 0.0209118 -0.00656328 0.0
160362 0.023882 -0.00938945 0.0
160480 0.0277689 -0.00646552 0.0
160598 0.02996 0.000301235 0.0
160716 0.0296736 0.00710453 0.0
160834 0.0298773 0.00843215 0.0
160952 0.033627 0.00289101 0.0
161070 0.0401496 -0.0052262 0.0
161188 0.0479086 -0.0123675 0.0
161306 0.0556361 -0.01646 0.0
161424 0.0621532 -0.0169744 0.0
161542 0.0662127 -0.0148127 0.0
161660 0.0653556 -0.00988252 0.0
161778 0.0582728 -0.00186585 0.0
161896 0.048828 0.00660482 0.0
162014 0.0411271 0.0125086 0.0
162132 0.0344908 0.0148197 0.0
162250 0.028548 0.0129054 0.0
162368 0.0238384 0.00718882 0.0
162486 0.0212397 -0.000560016 0.0
162604 0.0216752 -0.00724688 0.0
162722 0.0248465 -0.0093615 0.0
162840 0.0284894 -0.00580024 0.0
162958 0.0301427 0.00110893 0.0
163076 0.0295006 0.00736901 0.0
163194 0.0298929 0.00776459 0.0
163312 0.0339165 0.00189141 0.0
163430 0.0405741 -0.00603325 0.0
163548 0.0483621 -0.0127123 0.0
163666 0.0559912 -0.0162678 0.0
163784 0.0622554 -0.0164189 0.0
163902 0.0659317 -0.0140831 0.0
164020 0.0645955 -0.00899769 0.0
164138 0.0572328 -0.000926984 0.0
164256 0.0479146 0.00727425 0.0
164374 0.0403204 0.0127259 0.0
164492 0.0337369 0.0144621 0.0
164610 0.0279329 0.01197 0.0
164728 0.0234762 0.00587377 0.0
164846 0.021333 -0.00183677 0.0
164964 0.0223105 -0.00788625 0.0
165082 0.0258101 -0.0089261 0.0
165200 0.0292756 -0.00445867 0.0
165318 0.0304618 0.00278293 0.0
165436 0.0296184 0.00850748 0.0
165554 0.0305249 0.00760576 0.0
165672 0.0349931 0.00101967 0.0
165790 0.0417585 -0.00691362 0.0
165908 0.049416 -0.0132307 0.0
166026 0.056749 -0.0163003 0.0
166144 0.062623 -0.0160829 0.0
166262 0.0658576 -0.0135742 0.0
166380 0.0641093 -0.00841778 0.0
166498 0.0565694 -0.000480145 0.0
166616 0.0472105 0.00737898 0.0
166734 0.0394883 0.0124155 0.0
166852 0.0328559 0.0136442 0.0
166970 0.0271302 0.010727 0.0
167088 0.0229327 0.00448052 0.0
167206 0.0212337 -0.00299484 0.0
167324 0.0227902 -0.00822838 0.0
167442 0.0266194 -0.00816616 0.0
167560 0.03 -0.00284716 0.0
167678 0.0308505 0.00483982 0.0
167796 0.0300647 0.00995164 0.0
167914 0.0316267 0.00768863 0.0
168032 0.0365121 0.000369544 0.0
168150 0.0432888 -0.00768687 0.0
168268 0.0507103 -0.0137695 0.0
168386 0.0576612 -0.0164861 0.0
168504 0.0631396 -0.015993 0.0
168622 0.0659725 -0.013327 0.0
168740 0.063947 -0.00819224 0.0
168858 0.0563375 -0.000516183 0.0
168976 0.0468336 0.00705728 0.0
169094 0.0388529 0.0117722 0.0
169212 0.0320901 0.0126897 0.0
169330 0.0263995 0.00956977 0.0
169448 0.0224015 0.00334026 0.0
169566 0.0210877 -0.00375553 0.0
169684 0.023099 -0.00826235 0.0
169802 0.0272103 -0.00734621 0.0
169920 0.0305805 -0.00132518 0.0
170038 0.0312928 0.00675251 0.0
170156 0.0307632 0.0112658 0.0
170274 0.0329249 0.00787238 0.0
170392 0.0380617 -5.5451e-05 0.0
170510 0.0447658 -0.00824535 0.0
170628 0.0519239 -0.0142364 0.0
170746 0.0585485 -0.0167608 0.0
170864 0.0637073 -0.0160938 0.0
170982 0.0662568 -0.0133237 0.0
171100 0.0640577 -0.0082441 0.0
171218 0.0564391 -0.000819021 0.0
171336 0.0467739 0.00652896 0.0
171454 0.0385084 0.0110957 0.0
171572 0.0316009 0.0118794 0.0
171690 0.0258879 0.00873998 0.0
171808 0.0219991 0.00265774 0.0
171926 0.0209235 -0.00412281 0.0
172044 0.0232087 -0.00812206 0.0
172162 0.0275155 -0.00670258 0.0
172280 0.0309589 -0.000255335 0.0
172398 0.031699 0.00814389 0.0
172516 0.031479 0.012206 0.0
172634 0.0340227 0.00808695 0.0
172752 0.0392754 -0.000240458 0.0
172870 0.0458861 -0.0085814 0.0
172988 0.0528476 -0.0145813 0.0
173106 0.0592531 -0.0170635 0.0
173224 0.0642358 -0.0163369 0.0
173342 0.0666195 -0.0134758 0.0
173460 0.0643266 -0.00843602 0.0
173578 0.0566908 -0.00116758 0.0
173696 0.0468939 0.00607693 0.0
173814 0.0384129 0.010607 0.0
173932 0.0313716 0.0114149 0.0
174050 0.0256107 0.00836376 0.0
174168 0.0217367 0.00241663 0.0
174286 0.0207133 -0.00415102 0.0
174404 0.0230905 -0.00797562 0.0
174522 0.0274946 -0.00641181 0.0
174640 0.0310606 0.00019037 0.0
174758 0.0319388 0.00877035 0.0
174876 0.0319177 0.0127172 0.0
174994 0.0346311 0.0083063 0.0
175112 0.0399235 -0.000243618 0.0
175230 0.0464791 -0.00870828 0.0
175348 0.053347 -0.0148084 0.0
175466 0.0596705 -0.0173432 0.0
175584 0.064611 -0.0166188 0.0
175702 0.0669724 -0.0137193 0.0
175820 0.0646026 -0.00863364 0.0
175938 0.0569075 -0.00138498 0.0
176056 0.047017 0.00586207 0.0
176174 0.0384388 0.0104624 0.0
176292 0.031335 0.0113579 0.0
176410 0.0255204 0.00841992 0.0
176528 0.0215855 0.00255864 0.0
176646 0.0204723 -0.00398594 0.0
176764 0.0227683 -0.00790201 0.0
176882 0.0271811 -0.00650766 0.0
177000 0.0308783 -2.11908e-06 0.0
177118 0.0319131 0.00863782 0.0
177236 0.0319463 0.0127869 0.0
177354 0.0346502 0.00847929 0.0
177472 0.0399425 -0.000121646 0.0
177590 0.0465119 -0.00870118 0.0
177708 0.0534107 -0.0149029 0.0
177826 0.0597813 -0.0175451 0.0
177944 0.0647951 -0.0168716 0.0
178062 0.0672042 -0.0139272 0.0
178180 0.0647772 -0.00875653 0.0
178298 0.0569637 -0.00138859 0.0
178416 0.0470291 0.00596704 0.0
178534 0.0384974 0.0106471 0.0
178652 0.0314107 0.0116627 0.0
178770 0.0255592 0.00879505 0.0
178888 0.0215269 0.00294333 0.0
179006 0.0202657 -0.00372799 0.0
179124 0.0223791 -0.00792569 0.0
179242 0.0267267 -0.00687216 0.0
179360 0.0305035 -0.000623135 0.0
179478 0.0316655 0.00792146 0.0
179596 0.0316094 0.0124588 0.0
179714 0.034184 0.0085202 0.0
179832 0.0394631 1.74053e-05 0.0
179950 0.0461163 -0.00859906 0.0
180068 0.0531244 -0.0149001 0.0
180186 0.0596329 -0.0176307 0.0
180304 0.0647918 -0.0169995 0.0
180422 0.0672708 -0.0140344 0.0
180540 0.0647737 -0.00872733 0.0
180658 0.0568075 -0.00115471 0.0
180776 0.046904 0.0063321 0.0
180894 0.0385342 0.0110912 0.0
181012 0.0315394 0.0121696 0.0
181130 0.0256925 0.00931199 0.0
181248 0.021592 0.00338285 0.0
181366 0.020171 -0.00348423 0.0
181484 0.0220996 -0.0080203 0.0
181602 0.0263387 -0.00731216 0.0
181720 0.0301082 -0.00137364 0.0
181838 0.0313186 0.00697819 0.0
181956 0.031119 0.0118438 0.0
182074 0.0334915 0.00836056 0.0
182192 0.0387493 7.14392e-05 0.0
182310 0.0455059 -0.00850765 0.0
182428 0.0526777 -0.0148245 0.0
182546 0.0593622 -0.017586 0.0
182664 0.0646565 -0.0169648 0.0
182782 0.0671882 -0.0139828 0.0
182900 0.0645784 -0.00852391 0.0
183018 0.0564515 -0.000721136 0.0
183136 0.0466477 0.00685814 0.0
183254 0.0385282 0.0116394 0.0
183372 0.0316492 0.0126989 0.0
183490 0.025848 0.0097704 0.0
183608 0.0217321 0.00369311 0.0
183726 0.0202345 -0.00337757 0.0
183844 0.0220475 -0.00814904 0.0
183962 0.026171 -0.00767272 0.0
184080 0.0298581 -0.00193865 0.0
184198 0.0310016 0.00618138 0.0
184316 0.0306543 0.0111543 0.0
184434 0.032851 0.00802251 0.0
184552 0.0381031 -4.36231e-05 0.0
184670 0.0449566 -0.00850169 0.0
184788 0.0522896 -0.014749 0.0
184906 0.0591203 -0.0174415 0.0
185024 0.0644914 -0.0167947 0.0
185142 0.0670079 -0.013776 0.0
185260 0.0642297 -0.00816912 0.0
185378 0.0559529 -0.000179422 0.0
185496 0.0463124 0.00742654 0.0
185614 0.0384179 0.0121361 0.0
185732 0.0316702 0.0130846 0.0
185850 0.025949 0.00999123 0.0
185968 0.0218646 0.00374249 0.0
186086 0.0204085 -0.00347846 0.0
186204 0.0222132 -0.00830516 0.0
186322 0.0262665 -0.0078369 0.0
186440 0.0298093 -0.00214242 0.0
186558 0.0307959 0.00580415 0.0
186676 0.0303419 0.010626 0.0
186794 0.0324724 0.00758421 0.0
186912 0.0377314 -0.000335556 0.0
187030 0.0446789 -0.00864286 0.0
187148 0.0521184 -0.0147204 0.0
187266 0.0590111 -0.0172709 0.0
187384 0.0643849 -0.0165426 0.0
187502 0.0667936 -0.013464 0.0
187620 0.0638086 -0.00773945 0.0
187738 0.0554019 0.000370604 0.0
187856 0.0459121 0.00792172 0.0
187974 0.0381971 0.0124707 0.0
188092 0.0315462 0.0132283 0.0
188210 0.0258983 0.00991612 0.0
188328 0.0219271 0.00349377 0.0
188446 0.0205929 -0.003773 0.0
188564 0.0225216 -0.00847368 0.0
188682 0.0265638 -0.00775569 0.0
188800 0.0299352 -0.00194176 0.0
188918 0.0307171 0.00591302 0.0
189036 0.0302107 0.010411 0.0
189154 0.032414 0.00714841 0.0
189272 0.037753 -0.000747683 0.0
189390 0.0447566 -0.00890466 0.0
189508 0.0522241 -0.0147843 0.0
189626 0.05909 -0.0171321 0.0
189744 0.0643715 -0.0162776 0.0
189862 0.0666097 -0.0131441 0.0
189980 0.0633969 -0.00730949 0.0
190098 0.0548853 0.000822899 0.0
190216 0.0454941 0.0082512 0.0
190334 0.0378786 0.0126033 0.0
190452 0.0312732 0.0131104 0.0
190570 0.0257147 0.00958019 0.0
190688 0.0218826 0.00302192 0.0
190806 0.020753 -0.0041912 0.0
190924 0.0228723 -0.00858557 0.0
191042 0.0269545 -0.00747868 0.0
191160 0.0301695 -0.00140364 0.0
191278 0.0307436 0.00643375 0.0
191396 0.0302727 0.0104832 0.0
191514 0.0326713 0.0067927 0.0
191632 0.0381221 -0.00119637 0.0
191750 0.0451349 -0.00924879 0.0
191868 0.0525586 -0.0149271 0.0
191986 0.0593338 -0.0170525 0.0
192104 0.0644648 -0.0160694 0.0
192222 0.066491 -0.0128618 0.0
192340 0.0630692 -0.00697156 0.0
192458 0.0544716 0.00112636 0.0
192576 0.045119 0.00839194 0.0
192694 0.0375063 0.0125448 0.0
192812 0.0309247 0.0128099 0.0
192930 0.0254441 0.00908095 0.0
193048 0.0217471 0.00246522 0.0
193166 0.0208451 -0.00461079 0.0
193284 0.0232028 -0.00862729 0.0
193402 0.0273494 -0.00706029 0.0
193520 0.0304422 -0.00068862 0.0
193638 0.0308463 0.00719787 0.0
193756 0.0304949 0.0107453 0.0
193874 0.0331456 0.00653205 0.0
193992 0.0387081 -0.00161596 0.0
194110 0.0457114 -0.00960959 0.0
194228 0.053047 -0.0151146 0.0
194346 0.0596675 -0.0170487 0.0
194464 0.0646332 -0.0159436 0.0
194582 0.0664568 -0.0126621 0.0
194700 0.0628566 -0.00675339 0.0
194818 0.0541897 0.00126723 0.0
194936 0.0448128 0.00838028 0.0
195054 0.0371588 0.0123546 0.0
195172 0.0305608 0.0124252 0.0
195290 0.0251357 0.00856901 0.0
195408 0.0215735 0.00194259 0.0
195526 0.0208849 -0.00495588 0.0
195644 0.0234591 -0.00859404 0.0
195762 0.0276772 -0.00661334 0.0
195880 0.0306943 5.22581e-05 0.0
195998 0.0309938 0.00799518 0.0
196116 0.030809 0.0110712 0.0
196234 0.0337164 0.00635823 0.0
196352 0.0393654 -0.00196379 0.0
196470 0.0463287 -0.0099338 0.0
196588 0.0535553 -0.0153185 0.0
196706 0.0600419 -0.0171054 0.0
196824 0.0648536 -0.0158997 0.0
196942 0.0664977 -0.0125529 0.0
197060 0.0627527 -0.00664125 0.0
197178 0.0540303 0.00129243 0.0
197296 0.0445982 0.00828669 0.0
197414 0.0368683 0.0121274 0.0
197532 0.0302601 0.012074 0.0
197650 0.0248625 0.00814716 0.0
197768 0.0214015 0.00154186 0.0
197886 0.0208783 -0.0051774 0.0
198004 0.0236115 -0.00852691 0.0
198122 0.0279025 -0.00623066 0.0
198240 0.0308829 0.000667649 0.0
198358 0.0311418 0.00866203 0.0
198476 0.0311289 0.0113594 0.0
198594 0.034229 0.00625473 0.0
198712 0.0399478 -0.00222213 0.0
198830 0.0468812 -0.0101925 0.0
198948 0.0540098 -0.0155069 0.0
199066 0.0603844 -0.0172064 0.0
199184 0.0650778 -0.015919 0.0
199302 0.0665915 -0.0125201 0.0
199420 0.06272 -0.00659598 0.0
199538 0.0539438 0.00127959 0.0
199656 0.0444505 0.00818603 0.0
199774 0.0366637 0.0119558 0.0
199892 0.0300297 0.0118263 0.0
200010 0.0246595 0.00786752 0.0
200128 0.021256 0.00130847 0.0
200246 0.0208331 -0.00530308 0.0
200364 0.0236643 -0.0084578 0.0
200482 0.0280022 -0.00598381 0.0
200600 0.0309853 0.00105249 0.0
200718 0.0312432 0.00910193 0.0
200836 0.0313637 0.01154 0.0
200954 0.0345911 0.00619479 0.0
201072 0.0403469 -0.00239277 0.0
201190 0.0472522 -0.0103873 0.0
201308 0.0543395 -0.0156596 0.0
201426 0.0606433 -0.0173102 0.0
201544 0.0652785 -0.0159826 0.0
201662 0.0666912 -0.0125135 0.0
201780 0.0627132 -0.00657111 0.0
201898 0.0538713 0.00129479 0.0
202016 0.0443459 0.00816056 0.0
202134 0.0365349 0.0118862 0.0
202252 0.0298917 0.0117295 0.0
202370 0.0245211 0.00775775 0.0
202488 0.0211447 0.00120686 0.0
202606 0.0207607 -0.00534315 0.0
202724 0.0236329 -0.0084345 0.0
202842 0.027996 -0.00589612 0.0
202960 0.0309926 0.00120728 0.0
203078 0.0312714 0.00925676 0.0
203196 0.0314548 0.0116048 0.0
203314 0.0347508 0.00614558 0.0
203432 0.0405327 -0.00251029 0.0
203550 0.0474563 -0.0105071 0.0
203668 0.0545158 -0.0157757 0.0
203786 0.060814 -0.0173996 0.0
203904 0.0654236 -0.0160313 0.0
204022 0.0667718 -0.0125259 0.0
204140 0.0626776 -0.00650728 0.0
204258 0.0537549 0.00138669 0.0
204376 0.0442375 0.00823856 0.0
204494 0.0364491 0.0119438 0.0
204612 0.029808 0.0117651 0.0
204730 0.0244476 0.00776948 0.0
204848 0.0210761 0.0012105 0.0
204966 0.0206914 -0.00536027 0.0
205084 0.0235666 -0.00845895 0.0
205202 0.0279235 -0.0059223 0.0
205320 0.030929 0.00115489 0.0
205438 0.0312171 0.00920173 0.0
205556 0.0314112 0.0115373 0.0
205674 0.0347263 0.00606369 0.0
205792 0.0405415 -0.0025954 0.0
205910 0.0474848 -0.0105936 0.0
206028 0.0545809 -0.0158559 0.0
206146 0.0608922 -0.0174437 0.0
206264 0.0655091 -0.0160603 0.0
206382 0.0668036 -0.0124956 0.0
206500 0.0625815 -0.00638627 0.0
206618 0.0535745 0.00156375 0.0
206736 0.0441055 0.00842505 0.0
206854 0.0363788 0.0120948 0.0
206972 0.0297664 0.0118914 0.0
207090 0.0244156 0.00784554 0.0
207208 0.0210464 0.0012425 0.0
207326 0.0206567 -0.005377 0.0
207444 0.0235067 -0.00851643 0.0
207562 0.02785 -0.00601786 0.0
207680 0.0308327 0.00102012 0.0
207798 0.0311075 0.00901184 0.0
207916 0.0312697 0.01137 0.0
208034 0.0345975 0.00594023 0.0
208152 0.040437 -0.00269557 0.0
208270 0.0474275 -0.0106677 0.0
208388 0.0545731 -0.0158881 0.0
208506 0.0609146 -0.0174504 0.0
208624 0.0655493 -0.0160297 0.0
208742 0.0667729 -0.0124142 0.0
208860 0.0624116 -0.00620579 0.0
208978 0.0533256 0.00183199 0.0
209096 0.0439309 0.00866865 0.0
209214 0.0362941 0.0123036 0.0
209332 0.0297336 0.0120328 0.0
209450 0.0243997 0.00792452 0.0
209568 0.0210541 0.001234 0.0
209686 0.0206702 -0.00542287 0.0
209804 0.0235103 -0.00859261 0.0
209922 0.0278195 -0.00610483 0.0
210040 0.0307518 0.000905697 0.0
210158 0.0309822 0.00880387 0.0
210276 0.0311141 0.0111466 0.0
210394 0.0344323 0.00575576 0.0
210512 0.0403048 -0.00283835 0.0
210630 0.0473648 -0.0107487 0.0
210748 0.0545539 -0.0159088 0.0
210866 0.0609272 -0.0174088 0.0
210984 0.0655489 -0.0159527 0.0
211102 0.0666954 -0.0122741 0.0
211220 0.0621747 -0.00596797 0.0
211338 0.0530228 0.00214069 0.0
211456 0.0437289 0.00895056 0.0
211574 0.0361813 0.0124953 0.0
211692 0.0296621 0.0121497 0.0
211810 0.0243799 0.00792638 0.0
211928 0.0210759 0.00115662 0.0
212046 0.0207435 -0.005528 0.0
212164 0.0235811 -0.00866497 0.0
212282 0.02787 -0.00611743 0.0
212400 0.0307084 0.000893069 0.0
212518 0.0308736 0.00868804 0.0
212636 0.0309868 0.0109294 0.0
212754 0.0343297 0.00551458 0.0
212872 0.0402481 -0.00303335 0.0
212990 0.0473383 -0.0108688 0.0
213108 0.0545784 -0.0159309 0.0
213226 0.0609661 -0.0173465 0.0
213344 0.0655547 -0.0158243 0.0
213462 0.0665809 -0.0121037 0.0
213580 0.0619047 -0.00568631 0.0
213698 0.0526855 0.00246508 0.0
213816 0.0434958 0.0091921 0.0
213934 0.0360194 0.012661 0.0
214052 0.0295567 0.0121624 0.0
214170 0.024316 0.00783323 0.0
214288 0.0210841 0.000993152 0.0
214406 0.0208188 -0.00569626 0.0
214524 0.023741 -0.00870748 0.0
214642 0.027982 -0.00602568 0.0
214760 0.0307315 0.00101675 0.0
214878 0.0307979 0.00873147 0.0
214996 0.0309448 0.0107518 0.0
215114 0.0343462 0.00524154 0.0
215232 0.0403054 -0.00327151 0.0
215350 0.0474437 -0.0110364 0.0
215468 0.054686 -0.0159637 0.0
215586 0.0610596 -0.0172722 0.0
215704 0.0655706 -0.0156926 0.0
215822 0.0664706 -0.0119025 0.0
215940 0.0616218 -0.00540713 0.0
216058 0.0523491 0.00274943 0.0
216176 0.0432291 0.00940661 0.0
216294 0.0358275 0.0127259 0.0
216412 0.0293936 0.0121065 0.0
216530 0.0242253 0.00763909 0.0
216648 0.021073 0.000736106 0.0
216766 0.0209228 -0.00587376 0.0
216884 0.0239359 -0.00872431 0.0
217002 0.0281542 -0.00583332 0.0
217120 0.0307955 0.00128977 0.0
217238 0.0307717 0.00891345 0.0
217356 0.0309767 0.0106503 0.0
217474 0.0344811 0.00496599 0.0
217592 0.0405051 -0.00355262 0.0
217710 0.0476442 -0.0112189 0.0
217828 0.0548818 -0.0160349 0.0
217946 0.0611867 -0.017207 0.0
218064 0.06562 -0.0155617 0.0
218182 0.0663697 -0.0117184 0.0
218300 0.0613553 -0.00514628 0.0
218418 0.0520431 0.00298628 0.0
218536 0.0429799 0.00953347 0.0
218654 0.0355962 0.0127417 0.0
218772 0.0292055 0.0119501 0.0
218890 0.024084 0.00738502 0.0
219008 0.0210307 0.000450478 0.0
219126 0.0210215 -0.00607616 0.0
219244 0.0241329 -0.00869512 0.0
219362 0.028344 -0.00558374 0.0
219480 0.030886 0.00166153 0.0
219598 0.030782 0.00919856 0.0
219716 0.031096 0.0106051 0.0
219834 0.034712 0.00470826 0.0
219952 0.0407855 -0.0038318 0.0
220070 0.0479263 -0.0114328 0.0
220188 0.0551194 -0.0161118 0.0
220306 0.0613617 -0.0171728 0.0
220424 0.0656977 -0.0154571 0.0
220542 0.0662925 -0.0115448 0.0
220660 0.0611305 -0.0049401 0.0
220778 0.051775 0.00316972 0.0
220896 0.0427354 0.00961201 0.0
221014 0.0353679 0.012687 0.0
221132 0.0289981 0.0117689 0.0
221250 0.0239331 0.00710418 0.0
221368 0.0209747 0.000156328 0.0
221486 0.0210978 -0.0062492 0.0
221604 0.0243152 -0.00864246 0.0
221722 0.02853 -0.00530673 0.0
221840 0.0309797 0.00207245 0.0
221958 0.0308235 0.00952265 0.0
222076 0.0312522 0.0106037 0.0
222194 0.0349985 0.00447796 0.0
222312 0.0411092 -0.0041001 0.0
222430 0.0482473 -0.0116328 0.0
222548 0.0553958 -0.0162087 0.0
222666 0.0615568 -0.0171665 0.0
222784 0.0657906 -0.0153709 0.0
222902 0.0662426 -0.011415 0.0
223020 0.060949 -0.00476715 0.0
223138 0.0515475 0.00330164 0.0
223256 0.0425126 0.00964737 0.0
223374 0.0351497 0.0126121 0.0
223492 0.028789 0.011582 0.0
223610 0.0237719 0.00683967 0.0
223728 0.020901 -0.00010388 0.0
223846 0.0211491 -0.00639955 0.0
223964 0.0244688 -0.00857711 0.0
224082 0.0286753 -0.00504135 0.0
224200 0.0310653 0.0024505 0.0
224318 0.0308695 0.00984235 0.0
224436 0.0314265 0.0106018 0.0
224554 0.0352843 0.00428129 0.0
224672 0.0414299 -0.00434523 0.0
224790 0.0485584 -0.0118207 0.0
224908 0.0556453 -0.0163157 0.0
225026 0.0617539 -0.0171675 0.0
225144 0.0658937 -0.0153207 0.0
225262 0.0662169 -0.0113134 0.0
225380 0.0607944 -0.00461779 0.0
225498 0.0513383 0.00340857 0.0
225616 0.0423212 0.00967722 0.0
225734 0.03495 0.0125515 0.0
225852 0.0286032 0.011427 0.0
225970 0.0236386 0.00661808 0.0
226088 0.0208319 -0.000307563 0.0
226206 0.0211859 -0.00651474 0.0
226324 0.0245679 -0.00852001 0.0
226442 0.0287867 -0.00481419 0.0
226560 0.031126 0.00275469 0.0
226678 0.0309077 0.0100947 0.0
226796 0.0315742 0.0105924 0.0
226914 0.0355167 0.00410602 0.0
227032 0.0417058 -0.00454749 0.0
227150 0.0488186 -0.0119982 0.0
227268 0.0558773 -0.0164078 0.0
227386 0.0619289 -0.017185 0.0
227504 0.0660052 -0.0152923 0.0
227622 0.0661966 -0.0112095 0.0
227740 0.0606528 -0.00449342 0.0
227858 0.0511567 0.00352547 0.0
227976 0.042152 0.00972833 0.0
228094 0.0347815 0.0125134 0.0
228212 0.0284519 0.0113209 0.0
228330 0.0235144 0.00645926 0.0
228448 0.0207726 -0.000471479 0.0
228566 0.0212042 -0.00660034 0.0
228684 0.0246382 -0.00848202 0.0
228802 0.0288579 -0.00466318 0.0
228920 0.0311511 0.00298947 0.0
229038 0.0309212 0.0102436 0.0
229156 0.0316694 0.0105606 0.0
229274 0.0356921 0.0039485 0.0
229392 0.0419055 -0.00473339 0.0
229510 0.0490236 -0.0121428 0.0
229628 0.0560592 -0.0164868 0.0
229746 0.0620806 -0.0172116 0.0
229864 0.0660962 -0.0152519 0.0
229982 0.0661759 -0.0111265 0.0
230100 0.0605057 -0.00435042 0.0
230218 0.0509643 0.00366643 0.0
230336 0.0419879 0.00980546 0.0
230454 0.034641 0.0125291 0.0
230572 0.0283327 0.0112628 0.0
230690 0.0234103 0.00633797 0.0
230808 0.0207273 -0.000585134 0.0
230926 0.0212063 -0.00668255 0.0
231044 0.0246912 -0.00846399 0.0
231162 0.0288954 -0.00455358 0.0
231280 0.0311542 0.00312647 0.0
231398 0.0309044 0.0103299 0.0
231516 0.0317174 0.0104844 0.0
231634 0.0357964 0.00378833 0.0
231752 0.0420478 -0.00489634 0.0
231870 0.049171 -0.0122734 0.0
231988 0.0562039 -0.0165531 0.0
232106 0.0622019 -0.0172135 0.0
232224 0.0661714 -0.0152207 0.0
232342 0.0661389 -0.0110269 0.0
232460 0.0603347 -0.00418336 0.0
232578 0.0507572 0.00382803 0.0
232696 0.0418221 0.00992984 0.0
232814 0.0345092 0.0125759 0.0
232932 0.0282188 0.0112397 0.0
233050 0.023343 0.00626066 0.0
233168 0.0206948 -0.000702584 0.0
233286 0.0212258 -0.00675664 0.0
233404 0.0247353 -0.00846021 0.0
233522 0.0289253 -0.00448642 0.0
233640 0.0311348 0.00322253 0.0
233758 0.0308727 0.0103491 0.0
233876 0.0317213 0.0103769 0.0
233994 0.0358535 0.00362469 0.0
234112 0.0421345 -0.00506595 0.0
234230 0.0492822 -0.0123933 0.0
234348 0.0563215 -0.0166067 0.0
234466 0.0623056 -0.0172036 0.0
234584 0.066225 -0.0151659 0.0
234702 0.0660806 -0.0109063 0.0
234820 0.0601412 -0.00399595 0.0
234938 0.0505287 0.00403346 0.0
235056 0.0416541 0.0100722 0.0
235174 0.0343803 0.0126483 0.0
235292 0.0281259 0.0112283 0.0
235410 0.0232714 0.00618206 0.0
235528 0.0206737 -0.000814863 0.0
235646 0.0212585 -0.00684164 0.0
235764 0.024799 -0.00846739 0.0
235882 0.0289601 -0.00441676 0.0
236000 0.0311138 0.00330337 0.0
236118 0.0308184 0.010345 0.0
236236 0.0317057 0.010242 0.0
236354 0.0358909 0.00343559 0.0
236472 0.0422045 -0.00523673 0.0
236590 0.0493839 -0.0125118 0.0
236708 0.0564257 -0.0166466 0.0
236826 0.0623948 -0.0171784 0.0
236944 0.0662626 -0.015091 0.0
237062 0.0659981 -0.0107695 0.0
237180 0.0599206 -0.00377746 0.0
237298 0.0502828 0.00424997 0.0
237416 0.0414749 0.0102346 0.0
237534 0.0342479 0.0127195 0.0
237652 0.0280174 0.0112065 0.0
237770 0.0232122 0.00608785 0.0
237888 0.0206648 -0.000954231 0.0
238006 0.0213134 -0.00693785 0.0
238124 0.0248825 -0.00846686 0.0
238242 0.0290145 -0.00433051 0.0
238360 0.0310954 0.00341002 0.0
238478 0.0307674 0.010348 0.0
238596 0.0317014 0.0100917 0.0
238714 0.0359334 0.00322912 0.0
238832 0.0422939 -0.00542303 0.0
238950 0.0494855 -0.0126323 0.0
239068 0.0565389 -0.0166826 0.0
239186 0.0624858 -0.0171318 0.0
239304 0.0662902 -0.0150033 0.0
239422 0.0658977 -0.0106131 0.0
239540 0.0596779 -0.00354712 0.0
239658 0.0500185 0.00447749 0.0
239776 0.0412883 0.0103826 0.0
239894 0.0340952 0.0127851 0.0
240012 0.0279035 0.011154 0.0
240130 0.0231403 0.00595596 0.0
240248 0.020658 -0.00111368 0.0
240366 0.0213858 -0.00705231 0.0
240484 0.0249917 -0.00844888 0.0
240602 0.0290911 -0.00420532 0.0
240720 0.0310921 0.00356005 0.0
240838 0.0307234 0.010386 0.0
240956 0.031715 0.00994045 0.0
241074 0.0360176 0.00300315 0.0
241192 0.042412 -0.00562051 0.0
241310 0.0496254 -0.0127738 0.0
241428 0.0566741 -0.0167047 0.0
241546 0.0625796 -0.0170912 0.0
241664 0.0663207 -0.0149013 0.0
241782 0.0657838 -0.0104381 0.0
241900 0.0594297 -0.00332457 0.0
242018 0.0497512 0.00470094 0.0
242136 0.0410799 0.0105205 0.0
242254 0.0339298 0.0128043 0.0
242372 0.0277666 0.0110778 0.0
242490 0.0230556 0.00579046 0.0
242608 0.0206535 -0.00130795 0.0
242726 0.0214672 -0.00715768 0.0
242844 0.0251247 -0.00841796 0.0
242962 0.0291857 -0.00403864 0.0
243080 0.0311034 0.00377367 0.0
243198 0.0307008 0.0104523 0.0
243316 0.0317711 0.00980845 0.0
243434 0.0361444 0.00276649 0.0
243552 0.0425684 -0.00584114 0.0
243670 0.0497915 -0.0129038 0.0
243788 0.0568252 -0.0167466 0.0
243906 0.0626942 -0.0170389 0.0
244024 0.0663519 -0.0147974 0.0
244142 0.0656752 -0.0102746 0.0
244260 0.0591808 -0.00309716 0.0
244378 0.0494947 0.00489699 0.0
244496 0.040873 0.0106271 0.0
244614 0.0337562 0.0128086 0.0
244732 0.0276231 0.0109651 0.0
244850 0.0229651 0.0056004 0.0
244968 0.020639 -0.00151542 0.0
245086 0.0215587 -0.00726988 0.0
245204 0.0252655 -0.00835837 0.0
245322 0.0292962 -0.00384378 0.0
245440 0.0311235 0.00402262 0.0
245558 0.030696 0.0105672 0.0
245676 0.0318587 0.00967489 0.0
245794 0.0363026 0.00253742 0.0
245912 0.0427599 -0.0060652 0.0
246030 0.0499938 -0.0130518 0.0
246148 0.0570001 -0.0167905 0.0
246266 0.0628216 -0.0169932 0.0
246384 0.0663857 -0.0147011 0.0
246502 0.0655706 -0.01011 0.0
246620 0.0589482 -0.00288798 0.0
246738 0.0492444 0.00507486 0.0
246856 0.0406645 0.0107149 0.0
246974 0.0335618 0.0127866 0.0
247092 0.0274731 0.0108346 0.0
247210 0.0228619 0.00538814 0.0
247328 0.0206232 -0.00171783 0.0
247446 0.0216404 -0.00737844 0.0
247564 0.0254094 -0.00828932 0.0
247682 0.0294043 -0.00361657 0.0
247800 0.0311521 0.00428722 0.0
247918 0.0307085 0.0107089 0.0
248036 0.031973 0.00955704 0.0
248154 0.0364933 0.00230288 0.0
248272 0.0429906 -0.00628018 0.0
248390 0.05021 -0.0132093 0.0
248508 0.0571871 -0.016836 0.0
248626 0.0629562 -0.016956 0.0
248744 0.0664357 -0.0146127 0.0
248862 0.0654718 -0.00995747 0.0
248980 0.058724 -0.00269083 0.0
249098 0.0490088 0.00522626 0.0
249216 0.0404655 0.0107875 0.0
249334 0.0333854 0.0127542 0.0
249452 0.0273154 0.0106942 0.0
249570 0.0227575 0.00518363 0.0
249688 0.0206056 -0.00191682 0.0
249806 0.0217186 -0.00747467 0.0
249924 0.0255416 -0.00820832 0.0
250042 0.0295036 -0.00339867 0.0
250160 0.0311807 0.00456609 0.0
250278 0.0307293 0.010844 0.0
250396 0.0320921 0.00944884 0.0
250514 0.0366961 0.00208624 0.0
250632 0.0432162 -0.00650062 0.0
250750 0.0504383 -0.0133494 0.0
250868 0.0573801 -0.0168912 0.0
250986 0.0630943 -0.0169284 0.0
251104 0.0664867 -0.0145267 0.0
251222 0.0653834 -0.0098187 0.0
251340 0.0585175 -0.00250536 0.0
251458 0.0487838 0.00537254 0.0
251576 0.0402736 0.0108465 0.0
251694 0.0332026 0.0127202 0.0
251812 0.0271663 0.0105568 0.0
251930 0.0226555 0.0049955 0.0
252048 0.0205847 -0.00210312 0.0
252166 0.0217864 -0.00755932 0.0
252284 0.0256589 -0.00813142 0.0
252402 0.0295927 -0.0031866 0.0
252520 0.0312032 0.00481601 0.0
252638 0.0307498 0.0109654 0.0
252756 0.0322125 0.00933593 0.0
252874 0.036885 0.00187967 0.0
252992 0.043431 -0.00670195 0.0
253110 0.0506468 -0.0134912 0.0
253228 0.0575624 -0.0169442 0.0
253346 0.0632309 -0.0169045 0.0
253464 0.0665351 -0.0144524 0.0
253582 0.0652968 -0.00968192 0.0
253700 0.058309 -0.00232702 0.0
253818 0.0485681 0.00551723 0.0
253936 0.0400888 0.0109137 0.0
254054 0.0330408 0.0126885 0.0
254172 0.0270237 0.0104477 0.0
254290 0.0225634 0.00481438 0.0
254408 0.0205564 -0.00226555 0.0
254526 0.0218504 -0.0076387 0.0
254644 0.0257595 -0.0080594 0.0
254762 0.0296698 -0.00300393 0.0
254880 0.0312124 0.00504049 0.0
254998 0.0307626 0.0110539 0.0
255116 0.0323131 0.00922656 0.0
255234 0.0370522 0.00167203 0.0
255352 0.0436115 -0.00688936 0.0
255470 0.0508467 -0.0136229 0.0
255588 0.0577313 -0.0169901 0.0
255706 0.063357 -0.0168839 0.0
255824 0.066586 -0.0143781 0.0
255942 0.0652061 -0.00955252 0.0
256060 0.0581084 -0.00214303 0.0
256178 0.0483475 0.0056636 0.0
256296 0.0399175 0.0109869 0.0
256414 0.0328803 0.012681 0.0
256532 0.0268898 0.0103432 0.0
256650 0.0224721 0.00465656 0.0
256768 0.0205433 -0.00242258 0.0
256886 0.0219044 -0.00770551 0.0
257004 0.0258489 -0.00800691 0.0
257122 0.0297299 -0.00283346 0.0
257240 0.0312139 0.00522865 0.0
257358 0.0307648 0.0111147 0.0
257476 0.0323989 0.00910991 0.0
257594 0.0371973 0.0014726 0.0
257712 0.0437983 -0.00707303 0.0
257830 0.0510142 -0.0137565 0.0
257948 0.0578852 -0.0170309 0.0
258066 0.063473 -0.0168639 0.0
258184 0.0666237 -0.0143052 0.0
258302 0.0651143 -0.00940764 0.0
258420 0.0578949 -0.00196517 0.0
258538 0.048138 0.00582539 0.0
258656 0.0397464 0.0110733 0.0
258774 0.0327315 0.0126754 0.0
258892 0.0267775 0.0102563 0.0
259010 0.0223888 0.0045161 0.0
259128 0.0205312 -0.00256852 0.0
259246 0.0219575 -0.00777085 0.0
259364 0.0259374 -0.00795603 0.0
259482 0.0297836 -0.00268594 0.0
259600 0.0312048 0.00539824 0.0
259718 0.0307555 0.0111471 0.0
259836 0.0324693 0.008978 0.0
259954 0.0373186 0.0012798 0.0
260072 0.043943 -0.00726313 0.0
260190 0.0511721 -0.0138577 0.0
260308 0.0580252 -0.0170723 0.0
260426 0.0635796 -0.0168335 0.0
260544 0.0666531 -0.0142193 0.0
260662 0.0650107 -0.00927193 0.0
260780 0.0576748 -0.00176537 0.0
260898 0.0479152 0.00599826 0.0
261016 0.0395677 0.0111616 0.0
261134 0.0325876 0.0126836 0.0
261252 0.0266581 0.0101785 0.0
261370 0.0223179 0.00436891 0.0
261488 0.0205248 -0.0027139 0.0
261606 0.0220213 -0.00784009 0.0
261724 0.0260215 -0.00790467 0.0
261842 0.0298366 -0.00254039 0.0
261960 0.0311894 0.0055496 0.0
262078 0.0307457 0.0111695 0.0
262196 0.0325211 0.00882956 0.0
262314 0.0374289 0.00108027 0.0
262432 0.0440884 -0.0074385 0.0
262550 0.0513207 -0.0139803 0.0
262668 0.0581643 -0.0170919 0.0
262786 0.0636798 -0.0168017 0.0
262904 0.0666775 -0.0141348 0.0
263022 0.0648938 -0.00911087 0.0
263140 0.0574439 -0.00156653 0.0
263258 0.0476918 0.00617434 0.0
263376 0.0393954 0.0112643 0.0
263494 0.0324413 0.0126876 0.0
263612 0.0265385 0.0100936 0.0
263730 0.022252 0.00422554 0.0
263848 0.0205167 -0.00286792 0.0
263966 0.0220912 -0.00790773 0.0
264084 0.0261184 -0.00784695 0.0
264202 0.0298883 -0.00240093 0.0
264320 0.0311772 0.00571502 0.0
264438 0.03073 0.0111743 0.0
264556 0.0325777 0.00868045 0.0
264674 0.0375447 0.000874869 0.0
264792 0.044227 -0.007622 0.0
264910 0.0514706 -0.0140896 0.0
265028 0.0582999 -0.0171151 0.0
265146 0.0637746 -0.0167586 0.0
265264 0.0666924 -0.0140416 0.0
265382 0.0647689 -0.00894718 0.0
265500 0.0572033 -0.0013554 0.0
265618 0.0474624 0.00635179 0.0
265736 0.039216 0.0113628 0.0
265854 0.032293 0.0126916 0.0
265972 0.0264242 0.00999702 0.0
266090 0.0221821 0.00407 0.0
266208 0.0205214 -0.00301892 0.0
266326 0.022168 -0.00798457 0.0
266444 0.0262229 -0.00777711 0.0
266562 0.0299458 -0.0022413 0.0
266680 0.0311645 0.00587876 0.0
266798 0.0307154 0.0111946 0.0
266916 0.0326426 0.00851368 0.0
267034 0.0376657 0.000663576 0.0
267152 0.0443812 -0.00781023 0.0
267270 0.0516239 -0.0142013 0.0
267388 0.0584407 -0.0171365 0.0
267506 0.0638778 -0.0167063 0.0
267624 0.0667038 -0.0139465 0.0
267742 0.0646372 -0.0087762 0.0
267860 0.0569608 -0.00114182 0.0
267978 0.047229 0.00652256 0.0
268096 0.0390393 0.0114597 0.0
268214 0.0321414 0.0126789 0.0
268332 0.0263018 0.00989411 0.0
268450 0.0221162 0.00390404 0.0
268568 0.0205205 -0.00318423 0.0
268686 0.0222571 -0.00805398 0.0
268804 0.0263341 -0.00769855 0.0
268922 0.0300124 -0.00206602 0.0
269040 0.0311565 0.00606189 0.0
269158 0.0307144 0.0112191 0.0
269276 0.0327254 0.00835167 0.0
269394 0.0378079 0.000439266 0.0
269512 0.0445461 -0.0079906 0.0
269630 0.0517957 -0.0143227 0.0
269748 0.0585889 -0.0171487 0.0
269866 0.0639734 -0.016653 0.0
269984 0.066718 -0.0138499 0.0
270102 0.0645013 -0.00860326 0.0
270220 0.0567159 -0.00093121 0.0
270338 0.0469984 0.00668883 0.0
270456 0.0388526 0.0115435 0.0
270574 0.0319779 0.0126595 0.0
270692 0.0261776 0.00977503 0.0
270810 0.0220439 0.00372558 0.0
270928 0.0205351 -0.00335591 0.0
271046 0.0223461 -0.0081174 0.0
271164 0.0264518 -0.00761177 0.0
271282 0.0300806 -0.0018755 0.0
271400 0.0311503 0.00626899 0.0
271518 0.0307253 0.0112429 0.0
271636 0.0328241 0.00819123 0.0
271754 0.0379656 0.00021925 0.0
271872 0.0447224 -0.00818782 0.0
271990 0.0519797 -0.0144326 0.0
272108 0.0587396 -0.0171734 0.0
272226 0.0640862 -0.0166034 0.0
272344 0.0667252 -0.0137419 0.0
272462 0.0643658 -0.0084396 0.0
272580 0.0564715 -0.000719591 0.0
272698 0.0467702 0.00684712 0.0
272816 0.0386685 0.0116166 0.0
272934 0.0318148 0.0126271 0.0
273052 0.0260485 0.00964923 0.0
273170 0.0219707 0.00353726 0.0
273288 0.0205444 -0.00352054 0.0
273406 0.0224339 -0.0081797 0.0
273524 0.0265717 -0.0075181 0.0
273642 0.0301531 -0.00166094 0.0
273760 0.0311495 0.00646849 0.0
273878 0.0307418 0.0112871 0.0
273996 0.03293 0.00802669 0.0
274114 0.0381242 -6.68495e-06 0.0
274232 0.0449206 -0.00837319 0.0
274350 0.0521648 -0.0145525 0.0
274468 0.0589031 -0.0171964 0.0
274586 0.0641903 -0.0165485 0.0
274704 0.0667386 -0.0136456 0.0
274822 0.0642316 -0.0082711 0.0
274940 0.0562355 -0.000517841 0.0
275058 0.0465462 0.00699129 0.0
275176 0.0384829 0.0116812 0.0
275294 0.0316468 0.0125915 0.0
275412 0.0259187 0.00951398 0.0
275530 0.0218975 0.00335204 0.0
275648 0.0205498 -0.00368385 0.0
275766 0.0225271 -0.00823871 0.0
275884 0.0266862 -0.00740808 0.0
276002 0.0302216 -0.00146478 0.0
276120 0.0311477 0.00668894 0.0
276238 0.0307661 0.0113181 0.0
276356 0.0330407 0.00786426 0.0
276474 0.0383023 -0.000224295 0.0
276592 0.0451072 -0.00856519 0.0
276710 0.052357 -0.0146686 0.0
276828 0.059057 -0.0172157 0.0
276946 0.0642992 -0.0165061 0.0
277064 0.0667507 -0.0135476 0.0
277182 0.0640941 -0.00810478 0.0
277300 0.056002 -0.00032517 0.0
277418 0.04633 0.00713742 0.0
277536 0.0383053 0.0117411 0.0
277654 0.031494 0.0125488 0.0
277772 0.0257927 0.00938214 0.0
277890 0.0218215 0.00317097 0.0
278008 0.0205592 -0.00384832 0.0
278126 0.0226139 -0.00828048 0.0
278244 0.0267985 -0.00731458 0.0
278362 0.0302843 -0.00125348 0.0
278480 0.0311422 0.00689355 0.0
278598 0.0307872 0.0113432 0.0
278716 0.033159 0.00771112 0.0
278834 0.0384698 -0.000441651 0.0
278952 0.0452982 -0.00874755 0.0
279070 0.0525422 -0.0147784 0.0
279188 0.0592142 -0.0172369 0.0
279306 0.0644049 -0.0164596 0.0
279424 0.066757 -0.0134498 0.0
279542 0.0639598 -0.00794405 0.0
279660 0.0557675 -0.000133669 0.0
279778 0.0461165 0.00728089 0.0
279896 0.038126 0.0117936 0.0
280014 0.0313405 0.0125095 0.0
280132 0.0256627 0.0092508 0.0
280250 0.0217515 0.00299467 0.0
280368 0.0205626 -0.00400535 0.0
280486 0.022701 -0.00832331 0.0
280604 0.0269024 -0.00721291 0.0
280722 0.0303431 -0.00106047 0.0
280840 0.0311371 0.00709329 0.0
280958 0.0308092 0.0113581 0.0
281076 0.0332745 0.00754974 0.0
281194 0.0386384 -0.00065231 0.0
281312 0.0454849 -0.008932 0.0
281430 0.0527151 -0.0148861 0.0
281548 0.0593739 -0.017252 0.0
281666 0.064507 -0.0164172 0.0
281784 0.066766 -0.0133566 0.0
281902 0.0638212 -0.00777568 0.0
282020 0.0555373 4.958e-05 0.0
282138 0.0459018 0.00743009 0.0
282256 0.0379494 0.0118511 0.0
282374 0.0311876 0.0124719 0.0
282492 0.0255428 0.00912947 0.0
282610 0.021678 0.00282116 0.0
282728 0.0205765 -0.00414999 0.0
282846 0.0227807 -0.00836477 0.0
282964 0.027002 -0.00711553 0.0
283082 0.030397 -0.000869422 0.0
283200 0.0311268 0.00727851 0.0
283318 0.0308293 0.0113592 0.0
283436 0.0333754 0.00738991 0.0
283554 0.0387954 -0.000860169 0.0
283672 0.0456622 -0.00911812 0.0
283790 0.0528902 -0.014979 0.0
283908 0.0595153 -0.0172773 0.0
284026 0.0646115 -0.0163711 0.0
284144 0.0667656 -0.0132524 0.0
284262 0.0636807 -0.00761964 0.0
284380 0.0553065 0.000253036 0.0
284498 0.0456915 0.00756799 0.0
284616 0.0377745 0.0119133 0.0
284734 0.03103 0.0124386 0.0
284852 0.0254291 0.00901109 0.0
284970 0.0216164 0.0026532 0.0
285088 0.020585 -0.004296 0.0
285206 0.0228662 -0.00840407 0.0
285324 0.0270961 -0.00702087 0.0
285442 0.0304462 -0.000682152 0.0
285560 0.0311096 0.00744401 0.0
285678 0.0308527 0.0113574 0.0
285796 0.0334742 0.00722121 0.0
285914 0.0389406 -0.00106631 0.0
286032 0.0458337 -0.00929078 0.0
286150 0.0530619 -0.0150842 0.0
286268 0.0596618 -0.0172869 0.0
286386 0.0647054 -0.0163267 0.0
286504 0.0667628 -0.0131504 0.0
286622 0.0635351 -0.00744916 0.0
286740 0.0550697 0.00044548 0.0
286858 0.0454835 0.0077188 0.0
286976 0.0376081 0.011973 0.0
287094 0.0308838 0.0124095 0.0
287212 0.0253122 0.00889101 0.0
287330 0.0215545 0.00248707 0.0
287448 0.0205982 -0.00443732 0.0
287566 0.0229495 -0.00843924 0.0
287684 0.0271949 -0.00692587 0.0
287802 0.0304909 -0.000499139 0.0
287920 0.0310941 0.00760864 0.0
288038 0.0308657 0.0113388 0.0
288156 0.0335687 0.00705177 0.0
288274 0.0390896 -0.00127409 0.0
288392 0.0460002 -0.0094643 0.0
288510 0.0532255 -0.015178 0.0
288628 0.0598014 -0.017295 0.0
288746 0.0647971 -0.0162777 0.0
288864 0.0667587 -0.0130432 0.0
288982 0.0633832 -0.00727959 0.0
289100 0.0548287 0.000647692 0.0
289218 0.0452701 0.00786808 0.0
289336 0.037435 0.0120372 0.0
289454 0.0307352 0.0123753 0.0
289572 0.0252019 0.0087751 0.0
289690 0.0215008 0.0023172 0.0
289808 0.0206183 -0.0045802 0.0
289926 0.0230362 -0.00847325 0.0
290044 0.0272932 -0.00682795 0.0
290162 0.0305339 -0.000317357 0.0
290280 0.0310781 0.00776853 0.0
290398 0.0308842 0.0113128 0.0
290516 0.0336648 0.00687912 0.0
290634 0.0392354 -0.00148913 0.0
290752 0.0461656 -0.00963486 0.0
290870 0.0533946 -0.0152704 0.0
290988 0.0599421 -0.0173063 0.0
291106 0.0648857 -0.0162195 0.0
291224 0.0667468 -0.0129375 0.0
291342 0.0632247 -0.00710377 0.0
291460 0.0545866 0.000854218 0.0
291578 0.0450612 0.00801338 0.0
291696 0.0372648 0.0121026 0.0
291814 0.0305918 0.0123425 0.0
291932 0.0250918 0.00864826 0.0
292050 0.0214412 0.00215197 0.0
292168 0.0206384 -0.00472559 0.0
292286 0.0231262 -0.0085038 0.0
292404 0.0273916 -0.00672331 0.0
292522 0.0305782 -0.000133362 0.0
292640 0.031057 0.00792654 0.0
292758 0.0309065 0.0112877 0.0
292876 0.0337683 0.00669432 0.0
292994 0.0393808 -0.00169608 0.0
293112 0.0463303 -0.00981129 0.0
293230 0.0535581 -0.0153598 0.0
293348 0.0600796 -0.0173083 0.0
293466 0.0649764 -0.0161645 0.0
293584 0.066729 -0.0128254 0.0
293702 0.0630609 -0.00692383 0.0
293820 0.0543413 0.00105422 0.0
293938 0.0448459 0.00816467 0.0
294056 0.0370913 0.0121571 0.0
294174 0.0304456 0.012305 0.0
294292 0.0249774 0.00851858 0.0
294410 0.0213867 0.00197923 0.0
294528 0.020662 -0.00486916 0.0
294646 0.0232249 -0.00853175 0.0
294764 0.0274908 -0.00661569 0.0
294882 0.0306266 6.13091e-05 0.0
295000 0.0310418 0.00808705 0.0
295118 0.0309266 0.0112535 0.0
295236 0.0338738 0.00651345 0.0
295354 0.0395342 -0.00191399 0.0
295472 0.046506 -0.0099811 0.0
295590 0.0537201 -0.0154469 0.0
295708 0.0602207 -0.0173148 0.0
295826 0.065065 -0.0160978 0.0
295944 0.0667079 -0.0127197 0.0
296062 0.0628937 -0.00673852 0.0
296180 0.0540925 0.00125386 0.0
296298 0.0446392 0.00830583 0.0
296416 0.0369152 0.0122155 0.0
296534 0.0302934 0.0122556 0.0
296652 0.0248645 0.00838926 0.0
296770 0.0213318 0.00179575 0.0
296888 0.0206953 -0.00500626 0.0
297006 0.0233216 -0.00856353 0.0
297124 0.027594 -0.00649198 0.0
297242 0.0306705 0.00025636 0.0
297360 0.0310244 0.00825224 0.0
297478 0.0309599 0.0112249 0.0
297596 0.0339817 0.0063242 0.0
297714 0.0396918 -0.00212899 0.0
297832 0.04668 -0.0101504 0.0
297950 0.0538936 -0.0155408 0.0
298068 0.0603629 -0.0173088 0.0
298186 0.065146 -0.0160443 0.0
298304 0.0666886 -0.0126007 0.0
298422 0.0627202 -0.00655944 0.0
298540 0.0538512 0.00145511 0.0
298658 0.044428 0.00844156 0.0
298776 0.0367421 0.0122631 0.0
298894 0.0301472 0.0122073 0.0
299012 0.0247506 0.00824529 0.0
299130 0.0212813 0.0016184 0.0
299248 0.0207215 -0.00515176 0.0
299366 0.0234209 -0.00858 0.0
299484 0.0276995 -0.00636761 0.0
299602 0.0307117 0.000456739 0.0
299720 0.031009 0.00842628 0.0
299838 0.0309912 0.0111859 0.0
299956 0.0340939 0.00613961 0.0
300074 0.0398607 -0.00234215 0.0
300192 0.0468596 -0.0103189 0.0
300310 0.0540745 -0.0156349 0.0
300428 0.0605008 -0.0173027 0.0
300546 0.0652337 -0.0159879 0.0
300664 0.0666605 -0.0124853 0.0
300782 0.0625503 -0.00637492 0.0
300900 0.0536093 0.00164704 0.0
301018 0.0442205 0.00857425 0.0
301136 0.0365664 0.0123077 0.0
301254 0.0299924 0.0121479 0.0
301372 0.0246399 0.00810371 0.0
301490 0.0212276 0.00143769 0.0
301608 0.0207551 -0.00529305 0.0
301726 0.0235188 -0.00859129 0.0
301844 0.0278048 -0.00624684 0.0
301962 0.0307517 0.00066777 0.0
302080 0.0309973 0.00859211 0.0
302198 0.0310263 0.0111476 0.0
302316 0.0342206 0.0059572 0.0
302434 0.0400295 -0.002558 0.0
302552 0.0470465 -0.0104899 0.0
302670 0.0542444 -0.0157164 0.0
302788 0.060645 -0.0173056 0.0
302906 0.0653171 -0.0159216 0.0
303024 0.0666352 -0.0123726 0.0
303142 0.062377 -0.00619281 0.0
303260 0.0533665 0.00184308 0.0
303378 0.0440144 0.00870159 0.0
303496 0.0363912 0.0123517 0.0
303614 0.0298488 0.0120877 0.0
303732 0.0245309 0.00795628 0.0
303850 0.0211761 0.00126337 0.0
303968 0.0207854 -0.00543014 0.0
304086 0.0236205 -0.00860985 0.0
304204 0.0279034 -0.00610428 0.0
304322 0.0307951 0.000863409 0.0
304440 0.0309797 0.00875771 0.0
304558 0.0310675 0.011111 0.0
304676 0.0343421 0.00575856 0.0
304794 0.0401941 -0.00276361 0.0
304912 0.0472222 -0.0106619 0.0
305030 0.0544179 -0.0157997 0.0
305148 0.0607831 -0.0173035 0.0
305266 0.0654054 -0.0158585 0.0
305384 0.0666007 -0.0122609 0.0
305502 0.0622035 -0.00600732 0.0
305620 0.0531254 0.00203164 0.0
305738 0.0438047 0.00882582 0.0
305856 0.0362262 0.0123931 0.0
305974 0.0296986 0.0120176 0.0
306092 0.0244157 0.00781899 0.0
306210 0.0211218 0.00108153 0.0
306328 0.0208124 -0.00556478 0.0
306446 0.0237215 -0.00861464 0.0
306564 0.0280006 -0.00598073 0.0
306682 0.0308335 0.00107751 0.0
306800 0.0309637 0.00890699 0.0
306918 0.0311122 0.0110653 0.0
307036 0.0344624 0.00557195 0.0
307154 0.0403588 -0.00298071 0.0
307272 0.0474063 -0.0108168 0.0
307390 0.0545852 -0.0158826 0.0
307508 0.0609223 -0.0172974 0.0
307626 0.0654779 -0.0157978 0.0
307744 0.0665697 -0.0121415 0.0
307862 0.062025 -0.00583469 0.0
307980 0.052886 0.00222602 0.0
308098 0.043606 0.0089487 0.0
308216 0.0360544 0.0124249 0.0
308334 0.0295471 0.0119673 0.0
308452 0.0243067 0.00766871 0.0
308570 0.0210767 0.000908045 0.0
308688 0.0208525 -0.00569362 0.0
308806 0.023814 -0.00862009 0.0
308924 0.0280954 -0.00584966 0.0
309042 0.0308685 0.00127813 0.0
309160 0.0309468 0.00905864 0.0
309278 0.0311501 0.0110101 0.0
309396 0.0345847 0.00539136 0.0
309514 0.040519 -0.00319339 0.0
309632 0.0475796 -0.0109759 0.0
309750 0.0547492 -0.015962 0.0
309868 0.0610575 -0.0172925 0.0
309986 0.0655622 -0.0157376 0.0
310104 0.0665299 -0.0120218 0.0
310222 0.0618488 -0.00565338 0.0
310340 0.0526463 0.00241519 0.0
310458 0.0434078 0.00907757 0.0
310576 0.0358865 0.0124567 0.0
310694 0.0294155 0.0119105 0.0
310812 0.024203 0.00752395 0.0
310930 0.0210298 0.000739296 0.0
311048 0.0208847 -0.00581807 0.0
311166 0.0239127 -0.00862324 0.0
311284 0.028189 -0.00571672 0.0
311402 0.0308991 0.00147409 0.0
311520 0.0309338 0.0092008 0.0
311638 0.0311949 0.0109533 0.0
311756 0.0347065 0.00519545 0.0
311874 0.0406796 -0.00339407 0.0
311992 0.0477578 -0.0111373 0.0
312110 0.054922 -0.0160357 0.0
312228 0.061191 -0.0172817 0.0
312346 0.0656405 -0.0156781 0.0
312464 0.0664884 -0.0119022 0.0
312582 0.0616669 -0.00546812 0.0
312700 0.052408 0.00260043 0.0
312818 0.0432132 0.0092029 0.0
312936 0.0357183 0.0124928 0.0
313054 0.0292723 0.0118468 0.0
313172 0.0240971 0.00738729 0.0
313290 0.0209925 0.000564457 0.0
313408 0.0209207 -0.00594293 0.0
313526 0.0240144 -0.00862216 0.0
313644 0.0282809 -0.00558227 0.0
313762 0.0309301 0.00167115 0.0
313880 0.0309234 0.00933973 0.0
313998 0.0312361 0.0108898 0.0
314116 0.0348171 0.00499936 0.0
314234 0.0408509 -0.00359327 0.0
314352 0.0479287 -0.0112972 0.0
314470 0.0550908 -0.0161167 0.0
314588 0.0613199 -0.0172632 0.0
314706 0.0657125 -0.0156215 0.0
314824 0.0664485 -0.0117808 0.0
314942 0.0614765 -0.00527371 0.0
315060 0.0521732 0.00277702 0.0
315178 0.0430123 0.00932776 0.0
315296 0.035555 0.0125346 0.0
315414 0.029122 0.0117653 0.0
315532 0.0240016 0.00725449 0.0
315650 0.0209429 0.000394817 0.0
315768 0.0209628 -0.00607978 0.0
315886 0.0241114 -0.00859497 0.0
316004 0.0283741 -0.00546271 0.0
316122 0.0309562 0.00187394 0.0
316240 0.0309067 0.00948296 0.0
316358 0.0312843 0.0108057 0.0
316476 0.0349502 0.00481475 0.0
316594 0.0410059 -0.00380392 0.0
316712 0.0481044 -0.0114561 0.0
316830 0.0552565 -0.0161771 0.0
316948 0.0614532 -0.0172614 0.0
317066 0.0657872 -0.0155521 0.0
317184 0.0663964 -0.0116525 0.0
317302 0.0612939 -0.00509755 0.0
317420 0.0519278 0.00297677 0.0
317538 0.0428157 0.00944801 0.0
317656 0.0353901 0.0125556 0.0
317774 0.0289828 0.0117153 0.0
317892 0.023896 0.00709799 0.0
318010 0.0209082 0.000221758 0.0
318128 0.0210078 -0.006188 0.0
318246 0.0242124 -0.00860309 0.0
318364 0.0284638 -0.0053116 0.0
318482 0.030985 0.00207145 0.0
318600 0.0308876 0.00960515 0.0
318718 0.0313303 0.0107454 0.0
318836 0.0350739 0.00460662 0.0
318954 0.0411688 -0.00400397 0.0
319072 0.0482875 -0.0116113 0.0
319190 0.055425 -0.0162475 0.0
319308 0.0615875 -0.0172482 0.0
319426 0.0658575 -0.0154834 0.0
319544 0.0663431 -0.0115306 0.0
319662 0.0611023 -0.00490113 0.0
319780 0.0516918 0.00316142 0.0
319898 0.0426187 0.00956563 0.0
320016 0.0352241 0.0125904 0.0
320134 0.0288406 0.0116417 0.0
320252 0.0237983 0.0069549 0.0
320370 0.0208721 4.2823e-05 0.0
320488 0.0210514 -0.00630618 0.0
320606 0.0243185 -0.00858961 0.0
320724 0.0285482 -0.00517327 0.0
320842 0.0310145 0.00227541 0.0
320960 0.0308688 0.00973173 0.0
321078 0.0313837 0.0106585 0.0
321196 0.0351967 0.00441255 0.0
321314 0.0413328 -0.00421833 0.0
321432 0.0484662 -0.0117651 0.0
321550 0.0555887 -0.016311 0.0
321668 0.0617174 -0.0172363 0.0
321786 0.0659305 -0.0154106 0.0
321904 0.0662871 -0.0113991 0.0
322022 0.0609077 -0.00471876 0.0
322140 0.0514487 0.00335895 0.0
322258 0.0424216 0.00968358 0.0
322376 0.0350578 0.0126161 0.0
322494 0.0287033 0.0115752 0.0
322612 0.0237026 0.00680326 0.0
322730 0.0208363 -0.000133749 0.0
322848 0.0211001 -0.00641538 0.0
322966 0.0244194 -0.00857805 0.0
323084 0.0286426 -0.00503074 0.0
323202 0.0310334 0.00248094 0.0
323320 0.0308537 0.00984535 0.0
323438 0.0314349 0.0105782 0.0
323556 0.0353303 0.00421272 0.0
323674 0.041498 -0.00442815 0.0
323792 0.0486395 -0.0119118 0.0
323910 0.0557437 -0.0163756 0.0
324028 0.0618469 -0.0172214 0.0
324146 0.0659911 -0.0153375 0.0
324264 0.066229 -0.0112688 0.0
324382 0.0607052 -0.00452453 0.0
324500 0.0512071 0.00354945 0.0
324618 0.0422282 0.0097984 0.0
324736 0.0348932 0.012642 0.0
324854 0.0285691 0.0115021 0.0
324972 0.023594 0.00665863 0.0
325090 0.0208061 -0.000305727 0.0
325208 0.0211464 -0.00652659 0.0
325326 0.0245267 -0.0085661 0.0
325444 0.0287273 -0.00488161 0.0
325562 0.0310562 0.00267506 0.0
325680 0.030834 0.00996439 0.0
325798 0.031491 0.0104836 0.0
325916 0.0354528 0.00401621 0.0
326034 0.0416575 -0.00463495 0.0
326152 0.0488175 -0.0120612 0.0
326270 0.055908 -0.0164358 0.0
326388 0.0619847 -0.0172071 0.0
326506 0.0660488 -0.0152612 0.0
326624 0.0661669 -0.0111395 0.0
326742 0.0605035 -0.00432642 0.0
326860 0.0509673 0.00373409 0.0
326978 0.0420328 0.00991939 0.0
327096 0.034728 0.0126575 0.0
327214 0.0284225 0.0114332 0.0
327332 0.0235041 0.00650075 0.0
327450 0.020779 -0.000480049 0.0
327568 0.0211953 -0.00664035 0.0
327686 0.0246336 -0.0085448 0.0
327804 0.0288156 -0.00472633 0.0
327922 0.0310772 0.00287529 0.0
328040 0.0308182 0.0100812 0.0
328158 0.0315418 0.0103889 0.0
328276 0.0355817 0.0038098 0.0
328394 0.0418294 -0.00483683 0.0
328512 0.0489826 -0.012209 0.0
328630 0.0560812 -0.016494 0.0
328748 0.0620999 -0.0171811 0.0
328866 0.0661122 -0.0151948 0.0
328984 0.0660964 -0.0109993 0.0
329102 0.0602968 -0.00413904 0.0
329220 0.0507303 0.00391749 0.0
329338 0.0418381 0.0100293 0.0
329456 0.0345643 0.0126784 0.0
329574 0.0282859 0.0113454 0.0
329692 0.0234061 0.00635483 0.0
329810 0.0207452 -0.00066598 0.0
329928 0.0212581 -0.00674572 0.0
330046 0.0247374 -0.00851229 0.0
330164 0.0289021 -0.00458785 0.0
330282 0.0310939 0.00309442 0.0
330400 0.0308063 0.0101842 0.0
330518 0.031608 0.0102934 0.0
330636 0.0357137 0.00361254 0.0
330754 0.0419939 -0.005053 0.0
330872 0.0491678 -0.0123472 0.0
330990 0.0562342 -0.0165614 0.0
331108 0.0622358 -0.0171573 0.0
331226 0.0661632 -0.0151187 0.0
331344 0.066032 -0.0108666 0.0
331462 0.060089 -0.00394035 0.0
331580 0.0504948 0.00410031 0.0
331698 0.0416497 0.0101345 0.0
331816 0.0343987 0.0126955 0.0
331934 0.0281463 0.0112605 0.0
332052 0.0233097 0.00619562 0.0
332170 0.0207182 -0.000829603 0.0
332288 0.0213098 -0.0068587 0.0
332406 0.0248432 -0.00848195 0.0
332524 0.028991 -0.00442005 0.0
332642 0.0311109 0.00328715 0.0
332760 0.030799 0.0103066 0.0
332878 0.0316704 0.0101849 0.0
332996 0.035852 0.00340895 0.0
333114 0.042167 -0.00525188 0.0
333232 0.0493392 -0.0124944 0.0
333350 0.0563979 -0.0166139 0.0
333468 0.0623631 -0.0171326 0.0
333586 0.0662234 -0.0150462 0.0
333704 0.0659538 -0.0107272 0.0
333822 0.0598809 -0.00374906 0.0
333940 0.0502525 0.00427726 0.0
334058 0.0414612 0.010243 0.0
334176 0.0342313 0.0127072 0.0
334294 0.0280147 0.0111726 0.0
334412 0.0232132 0.00604192 0.0
334530 0.020684 -0.00101334 0.0
334648 0.0213698 -0.00695753 0.0
334766 0.0249498 -0.00844932 0.0
334884 0.0290739 -0.00426566 0.0
335002 0.0311273 0.00349597 0.0
335120 0.0307875 0.0104078 0.0
335238 0.031736 0.0100856 0.0
335356 0.0359873 0.00319795 0.0
335474 0.0423387 -0.00544727 0.0
335592 0.0495254 -0.0126447 0.0
335710 0.0565601 -0.016664 0.0
335828 0.0624835 -0.0171085 0.0
335946 0.0662748 -0.0149748 0.0
336064 0.0658786 -0.0105885 0.0
336182 0.0596706 -0.00355201 0.0
336300 0.0500218 0.00445249 0.0
336418 0.0412691 0.0103477 0.0
336536 0.0340717 0.0127155 0.0
336654 0.0278788 0.011087 0.0
336772 0.0231305 0.00587744 0.0
336890 0.0206687 -0.00118039 0.0
337008 0.0214234 -0.00706055 0.0
337126 0.0250539 -0.00840895 0.0
337244 0.0291607 -0.0041069 0.0
337362 0.0311399 0.00370659 0.0
337480 0.0307765 0.0105008 0.0
337598 0.0318071 0.0099821 0.0
337716 0.0361184 0.0029929 0.0
337834 0.0425143 -0.00565362 0.0
337952 0.0497019 -0.0127773 0.0
338070 0.0567303 -0.0167207 0.0
338188 0.0626073 -0.0170817 0.0
338306 0.0663252 -0.0148914 0.0
338424 0.0657983 -0.0104538 0.0
338542 0.0594615 -0.00335652 0.0
338660 0.0497852 0.00463379 0.0
338778 0.04108 0.0104352 0.0
338896 0.0339019 0.0127342 0.0
339014 0.0277458 0.0109915 0.0
339132 0.0230307 0.00571267 0.0
339250 0.0206491 -0.00134045 0.0
339368 0.0214842 -0.00716818 0.0
339486 0.0251645 -0.00836245 0.0
339604 0.0292392 -0.00393911 0.0
339722 0.0311545 0.00389962 0.0
339840 0.0307704 0.0106021 0.0
339958 0.0318752 0.0098657 0.0
340076 0.0362687 0.00278041 0.0
340194 0.0426824 -0.00584701 0.0
340312 0.0498821 -0.0129263 0.0
340430 0.0568877 -0.016765 0.0
340548 0.0627311 -0.017054 0.0
340666 0.066379 -0.0148167 0.0
340784 0.065713 -0.0103102 0.0
340902 0.0592464 -0.00315889 0.0
341020 0.0495502 0.00480456 0.0
341138 0.0408905 0.0105468 0.0
341256 0.033747 0.0127344 0.0
341374 0.0276066 0.0109033 0.0
341492 0.0229422 0.0055623 0.0
341610 0.0206207 -0.00151858 0.0
341728 0.0215418 -0.0072586 0.0
341846 0.0252707 -0.00831663 0.0
341964 0.029314 -0.00378326 0.0
342082 0.0311671 0.00411062 0.0
342200 0.0307582 0.0106829 0.0
342318 0.0319459 0.00975135 0.0
342436 0.0364065 0.00257414 0.0
342554 0.042849 -0.00604773 0.0
342672 0.0500626 -0.0130611 0.0
342790 0.0570433 -0.0168176 0.0
342908 0.0628528 -0.0170268 0.0
343026 0.0664249 -0.0147372 0.0
343144 0.0656237 -0.0101689 0.0
343262 0.0590307 -0.00295908 0.0
343380 0.049317 0.00497984 0.0
343498 0.0407072 0.010644 0.0
343616 0.0335823 0.0127391 0.0
343734 0.027485 0.0108121 0.0
343852 0.0228535 0.00540259 0.0
343970 0.0206101 -0.00168922 0.0
344088 0.0216074 -0.00733997 0.0
344206 0.0253745 -0.00828364 0.0
344324 0.029397 -0.00360811 0.0
344442 0.0311721 0.00430468 0.0
344560 0.0307455 0.0107584 0.0
344678 0.0320252 0.00963823 0.0
344796 0.0365431 0.00236182 0.0
344914 0.0430208 -0.00624245 0.0
345032 0.0502443 -0.013193 0.0
345150 0.0572003 -0.0168558 0.0
345268 0.0629784 -0.0170021 0.0
345386 0.0664629 -0.0146455 0.0
345504 0.065537 -0.0100302 0.0
345622 0.0588095 -0.0027647 0.0
345740 0.0490926 0.00515946 0.0
345858 0.040513 0.0107291 0.0
345976 0.0334323 0.0127494 0.0
346094 0.02734 0.0107158 0.0
346212 0.0227644 0.00523983 0.0
346330 0.0205965 -0.00185251 0.0
346448 0.0216658 -0.00743952 0.0
346566 0.0254871 -0.00822631 0.0
346684 0.0294643 -0.00344746 0.0
346802 0.031182 0.00449979 0.0
346920 0.0307439 0.0108392 0.0
347038 0.0320937 0.00950311 0.0
347156 0.0366766 0.00215983 0.0
347274 0.0431887 -0.00644261 0.0
347392 0.0504101 -0.0133211 0.0
347510 0.057358 -0.0169036 0.0
347628 0.0630938 -0.0169654 0.0
347746 0.0665027 -0.0145699 0.0
347864 0.0654354 -0.00987829 0.0
347982 0.0585907 -0.00256471 0.0
348100 0.048851 0.00533004 0.0
348218 0.0403373 0.0108347 0.0
348336 0.0332641 0.0127399 0.0
348454 0.0272125 0.0106285 0.0
348572 0.0226891 0.00507196 0.0
348690 0.0205726 -0.00202101 0.0
348808 0.0217417 -0.00751902 0.0
348926 0.0255912 -0.00817773 0.0
349044 0.0295418 -0.00327884 0.0
349162 0.0311835 0.00470061 0.0
349280 0.0307346 0.0109031 0.0
349398 0.0321663 0.0093772 0.0
349516 0.0368204 0.00194421 0.0
349634 0.0433585 -0.00663405 0.0
349752 0.0505806 -0.0134604 0.0
349870 0.0575164 -0.0169358 0.0
349988 0.0632018 -0.0169338 0.0
